234 239 124 154 107 18 178 7 241 178 146 144 222 66 
38 102 160 103 200 112 100 171 164 238 48 144 74 194 
114 180 163 73 76 220 236 72 59 197 193 77 128 0 
246 175 125 0 1 79 73 148 95 231 93 225 138 137 
255 103 203 15 91 1 88 179 226 148 224 121 230 132 
219 67 7 232 150 192 129 84 9 21 34 134 41 28 
40 39 102 125 229 209 227 217 235 120 104 205 156 74 
30 108 252 237 102 223 163 161 217 176 240 247 32 205 
166 91 136 211 132 252 96 250 53 246 240 244 123 254 
86 250 65 156 244 32 204 81 84 224 48 116 15 13 
156 212 236 108 209 36 144 222 229 9 244 157 136 23 
3 167 16 20 20 18 149 122 216 139 192 173 132 170 
150 151 96 200 219 26 21 49 114 65 139 247 182 228 
120 117 183 114 39 76 3 151 128 22 103 89 166 8 
155 253 39 230 54 216 146 207 31 182 43 44 186 228 
41 68 81 37 17 46 173 167 93 253 180 73 102 75 
235 87 52 191 17 41 99 205 19 60 239 203 201 171 
36 201 81 39 123 117 100 74 117 97 108 106 180 100 
15 13 16 89 20 136 188 39 249 203 41 17 2 245 
101 1 151 217 88 4 251 110 18 220 107 51 113 250 
56 158 32 22 139 171 0 241 137 178 235 144 223 96 
139 200 81 53 115 27 0 93 231 199 119 72 17 2 
100 57 125 58 84 234 26 47 68 19 59 46 122 68 
0 97 18 76 88 227 186 145 236 162 106 87 225 186 
27 34 205 6 178 188 41 172 191 200 197 250 14 5 
163 220 40 122 201 17 44 32 205 161 173 201 126 0 
104 162 197 249 133 155 1 1 119 47 215 255 22 219 
93 140 53 14 149 90 150 25 199 244 12 120 192 144 
233 13 145 69 105 39 78 145 131 36 124 74 89 116 
251 74 149 93 201 35 237 237 247 64 183 56 155 51 
32 106 57 224 165 74 40 105 158 13 9 37 120 118 
106 11 129 136 49 169 134 215 154 124 248 235 40 154 
207 83 74 95 102 166 208 5 0 145 215 100 71 97 
111 103 72 47 108 123 49 123 0 157 167 30 2 214 
140 76 25 85 83 200 24 190 27 119 182 172 182 149 
152 123 165 134 149 239 160 178 198 233 34 211 29 106 
200 191 28 155 62 181 121 51 103 79 249 198 99 175 
119 54 251 86 72 179 45 236 119 202 238 61 52 183 
240 158 8 94 77 133 60 63 38 165 70 253 159 121 
7 36 221 2 5 53 188 175 62 30 35 32 121 67 
57 197 159 82 30 112 112 47 224 183 42 93 166 115 
201 0 58 140 166 7 60 1 46 62 58 209 18 30 
214 227 142 112 164 106 75 158 152 213 19 129 234 236 
83 171 146 148 8 245 194 191 17 145 61 135 121 108 
114 194 237 226 121 223 40 143 155 58 204 92 33 58 
66 98 158 150 182 91 206 206 240 194 178 191 21 106 
225 235 2 138 47 28 249 25 125 229 39 5 139 120 
5 233 222 115 0 100 2 237 134 132 181 52 124 234 
249 168 89 67 93 22 112 39 239 90 176 215 151 165 
59 94 253 44 36 21 116 49 188 245 24 224 100 161 
159 117 251 54 231 54 72 71 181 217 43 10 176 39 
59 60 168 115 117 143 55 202 150 69 251 4 31 106 
76 122 83 94 253 201 27 93 182 185 155 1 60 161 
165 109 133 64 11 240 54 173 250 230 132 83 249 36 
24 208 73 151 216 168 186 102 114 207 123 137 206 169 
47 73 160 235 102 249 153 156 240 210 6 202 137 212 
201 96 30 60 30 124 126 209 107 47 250 121 60 172 
136 244 80 248 193 14 162 9 111 234 31 125 178 223 
194 184 213 40 26 191 39 184 210 133 50 86 191 42 
66 57 236 200 20 192 69 49 32 232 213 187 50 6 
150 107 176 225 35 143 102 151 50 28 162 250 52 209 
12 175 44 24 96 84 65 141 194 68 179 155 179 64 
8 105 43 213 115 133 255 230 112 152 238 248 145 217 
69 7 45 130 160 247 249 243 181 94 73 145 41 140 
188 237 204 53 239 159 107 184 70 64 119 214 193 10 
3 112 74 26 127 159 63 120 219 100 153 108 240 225 
102 203 190 156 125 163 166 106 143 70 187 34 140 236 
255 194 16 59 230 247 100 77 121 150 191 177 115 15 
0 156 232 3 237 48 15 118 237 171 143 241 32 218 
14 146 245 93 64 99 35 97 217 94 50 81 116 115 
233 187 109 206 61 249 20 159 186 80 149 218 249 14 
163 148 228 47 92 118 90 225 21 239 195 252 162 200 
38 65 172 249 120 189 250 83 234 91 214 247 15 70 
90 9 214 60 157 174 236 88 126 7 173 224 131 173 
176 100 162 58 116 142 251 246 187 180 46 185 110 196 
120 254 252 55 95 45 172 216 129 240 26 97 81 212 
216 216 227 76 139 48 151 27 22 77 114 0 58 148 
232 183 48 131 132 249 22 68 252 151 67 107 248 151 
105 0 187 53 17 213 164 72 24 89 157 161 250 26 
108 29 127 214 107 10 234 103 84 128 113 9 180 95 
173 142 170 23 1 15 107 200 244 92 131 96 33 61 
96 178 14 245 119 79 1 26 218 88 33 70 77 206 
167 194 221 62 162 137 181 133 215 89 252 67 247 73 
98 214 47 45 145 2 138 120 218 13 191 79 111 116 
96 18 197 188 131 82 40 209 146 198 233 162 202 247 
237 7 162 114 49 157 88 94 188 89 142 24 175 100 
217 25 244 129 51 49 55 52 46 81 104 57 154 215 
204 26 43 229 225 223 188 32 105 193 64 56 87 203 
252 82 160 6 222 210 14 140 157 139 53 210 179 195 
24 103 219 85 181 222 132 147 141 106 132 131 183 226 
133 13 189 112 29 85 80 176 183 44 69 53 171 55 
145 229 25 229 48 4 255 209 192 113 157 1 180 27 
167 214 132 213 59 84 233 21 143 105 96 166 86 243 
203 82 92 200 213 231 173 201 77 230 45 251 5 126 
143 143 175 72 66 211 177 47 120 212 8 212 228 146 
181 207 102 126 13 120 104 71 215 46 50 106 152 18 
153 24 28 28 155 237 90 192 63 240 47 79 181 29 
253 78 197 34 242 90 158 226 197 200 142 84 84 131 
114 95 80 138 242 145 209 222 91 205 2 14 195 36 
152 132 128 105 186 79 160 9 98 49 147 183 225 0 
6 14 197 219 209 139 165 148 210 0 135 189 210 30 
81 9 206 215 19 106 210 1 155 197 223 201 113 79 
131 26 126 78 194 34 102 170 21 21 107 121 47 223 
23 143 152 112 182 113 217 177 185 141 227 35 235 107 
91 102 148 185 53 44 5 102 5 8 127 42 188 193 
81 72 96 231 87 64 78 246 105 48 93 57 67 149 
179 67 116 239 82 214 254 165 217 148 20 138 34 39 
183 91 21 11 22 103 180 117 184 84 255 116 233 221 
251 187 212 230 21 110 240 145 198 165 51 126 13 180 
175 207 74 178 183 9 227 23 18 253 247 173 173 201 
74 169 67 17 255 151 244 148 19 40 206 171 72 59 
65 122 18 63 141 198 13 252 3 170 245 63 120 184 
139 232 92 155 210 240 222 177 220 133 32 13 96 135 
26 170 154 73 14 236 123 195 181 14 99 75 189 69 
24 148 131 71 82 69 135 50 43 195 18 241 210 74 
18 21 140 247 179 103 164 205 10 211 193 2 218 153 
241 246 214 151 185 132 227 173 136 131 79 107 166 220 
113 130 107 220 75 34 110 217 178 194 107 96 138 175 
10 175 0 101 163 29 138 18 163 92 128 111 75 42 
243 11 234 33 210 94 19 127 143 201 6 250 44 156 
155 159 84 230 7 30 160 75 219 140 190 229 196 154 
90 188 224 155 198 84 223 95 193 37 22 103 198 154 
49 124 190 193 47 244 180 7 139 27 194 58 27 14 
231 190 199 7 154 195 180 188 118 11 108 231 199 160 
197 12 1 149 30 221 28 120 195 82 135 130 73 84 
187 72 253 132 44 58 97 52 165 251 240 125 234 73 
178 246 236 164 5 208 144 170 40 79 1 223 212 225 
239 49 123 209 101 0 100 4 166 239 147 2 38 79 
102 164 157 30 39 126 148 210 219 72 99 99 144 173 
173 189 181 79 5 230 140 221 116 251 180 23 133 92 
104 87 226 62 217 17 60 247 230 96 45 140 147 75 
25 21 114 58 178 252 188 151 137 125 43 255 151 90 
35 64 160 123 114 48 32 9 23 69 171 227 141 242 
145 62 159 14 90 93 136 152 113 191 136 142 1 81 
70 41 28 247 212 177 195 215 62 197 118 158 237 169 
85 181 57 120 160 25 211 2 57 99 67 133 89 146 
223 179 55 194 123 17 198 185 228 12 190 89 1 77 
180 97 85 144 163 153 244 160 57 85 1 212 63 13 
26 14 142 232 245 164 242 141 29 247 229 54 29 65 
249 38 65 101 56 213 131 5 86 118 41 94 209 238 
63 98 199 63 219 70 115 2 40 40 45 170 81 56 
171 186 194 119 166 237 117 135 186 157 111 25 245 161 
5 92 88 123 69 223 250 224 223 134 233 181 241 252 
155 68 14 154 12 92 104 68 240 23 197 236 11 205 
40 200 11 147 131 32 10 42 248 209 223 89 196 112 
166 128 165 170 162 83 163 25 183 220 78 36 147 54 
199 19 95 8 50 2 168 226 100 49 179 207 246 9 
159 255 247 211 86 207 12 240 54 219 240 4 247 231 
35 213 118 104 45 97 12 96 140 44 76 151 212 221 
82 237 38 225 179 91 247 58 141 22 99 133 112 218 
168 138 251 83 174 203 137 135 143 11 22 220 237 144 
33 173 122 14 15 39 87 249 6 29 236 199 229 14 
164 213 184 131 218 190 207 127 168 181 40 140 75 142 
124 149 197 100 138 203 143 223 252 229 90 124 116 215 
69 27 38 210 240 75 13 230 147 92 49 81 229 34 
72 223 95 22 249 61 101 173 153 168 65 104 182 77 
79 18 202 22 188 99 87 235 156 44 131 43 8 158 
232 156 188 10 232 100 114 114 169 159 228 5 78 164 
212 15 71 113 172 37 11 230 215 39 246 176 178 117 
74 146 98 255 103 14 169 143 247 61 47 100 174 93 
94 17 3 253 78 10 176 105 76 12 237 144 120 129 
242 151 191 166 2 165 176 250 132 70 255 121 159 149 
202 62 108 74 160 254 49 128 201 72 77 104 148 177 
139 244 89 19 237 223 246 177 112 68 91 149 22 238 
27 65 5 239 192 179 143 33 219 29 150 1 42 188 
15 142 173 169 229 103 161 29 108 141 81 9 82 135 
86 3 55 72 72 198 57 37 135 130 242 73 215 189 
99 136 150 51 71 166 237 132 23 42 29 206 234 69 
53 204 194 235 226 113 54 242 48 77 227 165 125 97 
195 61 213 68 74 126 222 65 56 19 91 95 69 127 
194 1 64 135 196 138 89 63 153 194 109 95 110 173 
163 168 239 8 217 129 90 147 248 85 27 237 213 184 
108 52 72 25 65 34 136 8 196 135 32 74 28 15 
107 49 233 180 25 196 178 254 29 214 97 234 59 168 
143 121 51 249 229 212 237 188 232 88 191 101 165 55 
217 22 199 66 178 118 251 93 236 128 76 159 74 135 
223 36 237 138 158 143 191 157 66 175 226 81 125 109 
1 110 129 247 143 101 220 77 34 156 154 123 81 225 
169 61 131 10 243 237 136 7 244 114 242 95 156 49 
21 122 179 32 26 37 234 8 125 161 54 54 82 125 
122 45 70 199 116 152 53 4 34 187 38 99 229 60 
128 132 134 185 72 180 59 88 134 221 11 19 172 69 
113 170 63 2 26 33 11 160 160 175 224 254 31 110 
205 106 3 48 238 235 254 233 224 12 78 68 131 30 
66 177 206 35 199 205 155 67 122 168 164 8 74 149 
0 58 28 135 154 152 2 167 81 167 95 26 247 233 
228 177 190 238 11 25 57 20 2 38 73 206 2 253 
81 73 0 25 200 148 101 76 149 122 139 31 76 102 
173 136 85 31 90 45 190 38 87 128 20 40 44 90 
9 100 56 7 186 178 234 243 57 254 161 79 74 171 
186 160 90 134 76 59 76 110 100 101 10 148 97 171 
144 230 181 65 86 202 179 64 157 225 223 195 231 22 
117 145 64 141 144 69 2 237 240 57 34 62 120 219 
150 254 182 224 224 199 37 181 132 160 9 22 245 9 
95 204 169 170 75 228 6 171 173 230 157 155 169 68 
83 205 35 249 151 223 186 45 203 5 1 104 209 112 
157 199 255 148 68 160 35 128 92 106 254 242 139 255 
148 179 217 81 156 55 89 34 108 69 165 26 212 187 
55 181 121 202 5 124 174 218 170 122 100 91 27 240 
170 99 136 182 217 147 230 200 216 218 244 7 80 203 
239 70 185 69 236 234 196 166 126 52 222 75 155 115 
185 24 154 65 156 50 186 3 60 190 58 175 77 93 
229 183 54 15 63 214 53 111 72 236 48 50 236 111 
126 167 94 160 244 114 113 212 223 154 18 110 216 205 
60 186 227 81 188 179 169 70 41 162 14 88 3 2 
97 136 162 9 176 105 254 250 194 60 211 141 96 50 
0 152 99 127 148 146 87 91 3 211 232 251 34 128 
105 64 181 232 43 70 100 67 27 21 244 168 118 162 
127 115 203 52 87 58 204 51 22 164 223 58 174 70 
81 153 92 38 46 252 166 70 49 193 5 148 1 173 
103 117 12 142 228 156 70 222 114 9 172 46 0 64 
103 165 149 12 76 219 159 82 90 179 237 70 13 202 
5 191 208 72 166 236 154 29 220 113 26 229 251 197 
171 179 84 240 142 166 163 10 165 30 57 252 136 9 
93 101 115 19 109 16 248 83 117 56 101 49 200 96 
2 112 236 140 2 166 110 113 216 185 90 207 32 36 
54 33 219 92 123 133 168 212 236 197 231 141 81 13 
189 191 243 82 32 18 254 230 242 214 13 1 188 174 
107 198 191 83 149 165 243 34 131 124 61 215 241 180 
163 128 6 87 83 166 97 249 250 10 211 39 1 38 
237 178 156 73 194 1 235 58 83 161 216 13 93 113 
97 194 135 75 2 87 248 199 159 6 43 201 168 32 
212 187 98 182 119 136 221 108 28 233 118 70 185 224 
18 57 13 11 59 59 115 159 246 246 132 88 57 126 
120 146 96 238 217 154 224 44 211 99 218 70 0 85 
189 233 173 243 101 234 97 74 50 195 0 115 92 73 
32 22 124 249 117 101 118 104 17 202 14 103 77 14 
158 30 172 180 221 129 132 116 104 86 84 94 230 33 
186 144 207 36 114 155 236 166 208 103 36 202 14 158 
79 111 130 184 179 212 36 99 84 157 228 179 151 12 
8 59 96 252 1 101 1 154 11 140 10 176 76 226 
159 134 221 170 160 190 170 119 52 93 188 3 22 133 
8 21 194 220 1 218 38 221 12 8 8 145 50 134 
80 108 211 194 140 184 186 222 190 46 170 220 212 119 
241 155 233 174 220 228 149 196 187 49 235 166 156 215 
126 167 4 58 127 111 69 139 222 199 202 150 246 81 
1 242 100 146 72 100 20 81 115 129 83 196 64 66 
92 167 110 0 203 223 16 71 187 100 39 50 103 20 
64 54 203 228 182 204 254 183 88 36 182 254 88 215 
92 94 80 228 40 191 40 7 254 116 224 130 31 113 
116 208 232 88 28 9 132 226 193 251 84 47 87 2 
0 108 9 89 153 170 114 128 18 101 4 19 49 165 
61 112 84 213 123 119 252 131 7 139 3 109 212 83 
98 148 105 146 255 40 169 190 178 81 95 5 236 150 
156 210 60 252 28 100 34 199 39 123 163 235 89 238 
98 31 213 7 177 186 12 109 80 218 62 116 51 153 
87 186 151 30 246 156 28 31 84 244 145 24 190 95 
143 255 52 169 248 150 171 201 93 51 27 2 61 185 
153 112 215 151 80 214 91 168 162 205 152 197 14 140 
54 237 248 197 83 44 32 252 147 115 83 104 5 116 
221 125 120 155 45 65 254 62 154 19 77 7 228 133 
195 247 110 35 172 170 196 4 61 87 2 68 55 84 
173 186 223 141 11 89 195 83 77 187 232 38 246 184 
227 127 229 239 102 63 218 239 91 195 6 181 216 60 
215 150 196 22 87 113 131 4 227 247 215 196 223 39 
110 193 208 118 235 210 178 176 246 212 130 227 27 39 
132 46 19 49 60 224 130 244 163 164 74 218 24 149 
212 219 216 27 91 119 137 214 224 251 169 63 177 18 
164 127 232 21 241 164 153 186 170 236 139 57 109 13 
189 20 108 20 126 208 76 217 45 1 76 17 21 231 
166 52 242 223 242 54 129 104 206 40 5 19 239 95 
50 66 63 122 54 184 15 76 151 38 114 85 133 132 
125 144 141 49 161 141 58 183 134 80 218 102 39 33 
69 143 135 101 23 41 163 114 22 47 163 240 212 219 
226 47 241 197 227 148 13 58 230 166 41 255 206 12 
255 100 222 214 156 170 123 96 171 96 173 242 81 59 
207 85 118 1 192 44 170 56 27 203 241 61 213 232 
244 20 216 221 178 23 189 0 207 222 25 62 164 31 
101 39 210 189 145 210 154 227 128 165 221 154 190 116 
144 68 252 214 93 236 206 159 221 24 220 114 209 26 
62 80 212 201 43 83 237 3 156 131 45 19 66 136 
83 156 157 69 64 119 61 252 56 137 116 120 161 2 
90 252 96 68 134 110 183 53 137 10 114 48 213 136 
85 136 166 213 255 253 213 95 174 162 100 107 216 76 
160 191 197 192 31 215 213 157 42 118 208 198 222 156 
124 31 34 182 12 199 95 82 127 67 166 246 168 98 
17 91 213 74 1 76 139 64 104 5 37 217 64 253 
246 121 10 200 246 231 132 28 226 177 142 58 236 83 
102 248 163 47 235 168 108 102 228 24 110 96 71 117 
59 82 11 245 178 198 193 172 162 191 234 52 123 53 
192 250 184 246 131 44 53 173 19 197 247 189 90 152 
207 225 240 0 66 176 246 79 81 14 6 176 34 245 
99 182 168 199 109 37 33 211 1 60 186 43 103 229 
39 87 84 238 61 35 52 243 213 200 240 28 14 79 
152 179 182 185 95 62 199 251 139 236 133 21 182 251 
188 122 98 215 89 52 14 3 29 96 227 236 35 204 
172 30 58 226 62 76 184 42 96 94 110 156 255 12 
233 106 102 170 156 25 221 2 53 229 122 242 51 153 
72 235 49 252 174 15 175 244 60 53 20 252 49 55 
177 134 48 120 7 165 94 73 59 228 162 162 138 154 
54 68 248 148 137 10 138 25 51 253 14 34 190 189 
122 109 190 205 140 188 41 205 36 18 96 186 112 239 
18 211 68 190 81 45 144 113 121 223 211 175 88 223 
143 153 157 50 147 74 168 70 92 215 235 154 226 40 
153 66 95 95 96 4 61 57 207 195 127 202 99 247 
190 82 225 23 223 213 135 141 174 124 43 214 172 171 
12 5 111 105 26 55 154 43 226 215 109 109 101 18 
187 107 227 48 141 100 168 248 56 33 150 74 93 43 
170 18 153 131 126 65 247 248 48 194 42 171 231 148 
54 32 10 134 172 145 227 40 99 197 75 113 102 121 
23 16 165 45 225 237 232 153 210 138 220 234 190 249 
99 96 200 231 180 82 211 115 25 239 184 254 222 244 
86 108 111 139 226 152 71 169 39 158 97 66 191 12 
236 188 42 25 73 56 26 128 67 240 119 64 0 92 
147 147 91 45 131 24 214 201 104 65 193 78 240 37 
52 66 169 201 219 93 199 64 177 14 177 220 77 163 
10 203 194 178 113 111 1 87 161 122 189 205 225 159 
55 143 248 255 84 110 13 97 249 167 127 132 233 92 
179 243 247 0 10 203 224 22 140 179 117 192 8 198 
4 79 125 11 196 81 79 237 153 145 26 59 96 112 
124 160 184 135 213 27 0 156 114 3 7 230 140 26 
41 29 118 137 143 228 38 254 233 43 181 175 242 65 
242 120 108 41 214 211 51 248 223 80 95 201 195 47 
127 5 198 85 155 14 48 89 124 51 61 190 81 71 
224 31 162 52 153 207 220 54 200 127 32 41 64 41 
202 37 9 232 249 21 94 156 253 102 244 69 28 168 
121 216 60 244 9 3 210 72 147 117 144 70 217 55 
216 42 7 192 115 253 44 250 238 115 19 217 132 16 
97 43 12 134 58 194 190 215 170 121 58 97 235 94 
237 190 141 247 55 214 21 159 71 20 50 180 81 9 
47 90 21 29 153 95 9 243 52 245 91 36 153 187 
67 22 216 149 111 112 140 139 72 202 134 159 31 120 
148 87 46 253 46 104 126 239 95 169 72 57 170 192 
60 24 190 146 126 6 61 143 198 35 193 20 64 233 
208 80 238 77 145 132 135 181 194 200 63 15 109 180 
166 204 120 110 79 187 148 56 204 124 198 187 201 93 
244 126 251 95 2 208 199 164 93 94 123 211 245 140 
158 139 35 164 6 122 35 207 140 166 179 227 111 240 
188 235 187 130 75 246 91 18 80 202 251 153 23 239 
121 89 84 44 188 36 193 43 170 135 36 161 169 88 
215 66 69 88 201 216 102 97 221 33 186 166 255 255 
2 179 254 72 79 56 79 113 198 29 191 156 84 93 
200 107 162 202 245 245 140 55 24 48 128 125 57 236 
27 235 208 205 60 142 26 103 197 80 21 185 172 125 
4 96 50 7 40 61 42 157 44 21 81 215 206 79 
110 25 113 154 33 177 50 81 63 43 36 102 171 197 
71 27 35 103 252 209 231 105 57 238 247 169 113 18 
195 142 194 45 242 232 210 166 48 174 23 163 217 35 
98 94 101 132 95 49 102 10 84 72 134 183 253 121 
140 234 173 137 2 195 185 240 249 237 116 100 104 98 
63 70 42 50 36 160 255 73 14 197 156 176 49 114 
28 85 21 236 36 123 248 124 45 223 93 237 216 81 
10 248 22 8 179 2 230 62 187 201 180 10 68 119 
242 118 196 116 171 58 214 249 222 52 236 192 201 80 
208 151 223 233 110 141 218 72 61 213 239 28 4 135 
192 24 154 118 106 199 227 197 245 0 244 52 46 240 
162 122 102 110 244 196 238 165 86 238 106 237 60 219 
103 187 215 197 8 201 73 224 25 68 14 1 114 211 
228 148 55 221 232 160 111 164 200 50 53 188 208 43 
99 237 206 95 178 121 151 29 236 22 252 17 75 8 
129 214 39 187 228 70 28 123 22 231 84 81 124 235 
180 147 116 118 157 30 186 194 250 212 63 227 245 220 
32 17 192 30 199 160 86 6 69 23 115 112 46 246 
91 144 9 197 219 252 3 55 109 254 73 200 242 174 
13 135 113 96 75 216 201 113 13 1 211 116 139 137 
202 14 71 85 12 190 58 224 238 164 230 147 143 178 
103 171 213 162 253 194 82 222 71 36 78 137 25 202 
95 36 25 9 149 118 74 141 65 196 127 223 126 213 
76 210 50 213 175 169 34 54 56 139 191 118 86 202 
185 93 104 184 2 186 83 16 36 154 250 163 58 199 
26 158 1 214 177 135 45 165 6 198 39 23 108 193 
215 176 136 74 153 66 8 187 140 50 222 27 195 131 
84 130 26 130 218 235 81 82 58 8 55 30 13 67 
131 238 237 223 95 3 168 123 138 120 144 66 108 112 
160 137 221 118 62 251 74 188 34 114 209 198 203 101 
216 206 219 69 115 144 168 142 234 219 245 79 144 242 
168 141 163 22 235 226 201 40 145 118 116 236 200 32 
233 26 190 240 247 197 114 189 91 192 36 189 81 161 
228 74 31 196 172 71 32 112 113 211 152 187 150 241 
80 38 165 65 120 62 169 158 160 42 42 202 183 16 
173 171 149 131 84 23 212 8 215 193 197 11 109 250 
38 152 56 73 216 132 29 207 250 191 247 198 51 41 
223 156 127 114 94 75 25 205 158 133 164 46 221 216 
176 26 155 195 109 74 139 217 32 88 3 23 84 162 
172 49 104 123 56 200 117 31 132 135 115 245 9 165 
118 214 81 49 217 170 158 235 235 72 223 14 152 215 
214 160 148 18 110 70 152 237 42 168 193 71 67 7 
138 100 173 238 15 241 22 72 202 120 54 33 255 150 
76 85 0 114 127 207 56 224 107 63 24 222 123 255 
223 23 42 175 142 236 64 98 10 116 219 89 158 155 
74 202 65 60 149 101 206 203 111 235 8 61 115 80 
24 211 90 150 87 67 105 23 154 167 74 78 93 235 
117 39 23 148 43 140 175 170 13 198 97 14 243 212 
7 53 145 141 186 207 20 13 34 201 21 13 29 24 
3 77 112 47 160 96 97 85 59 197 198 141 232 215 
67 137 197 45 197 6 14 31 77 42 22 34 244 105 
191 245 177 232 54 72 19 224 88 24 185 154 70 73 
105 246 8 29 205 118 148 30 51 232 12 161 128 107 
145 77 239 95 15 21 18 153 21 195 73 216 241 91 
60 148 130 125 145 96 239 244 113 30 29 255 157 169 
189 211 212 103 203 137 179 75 114 65 227 12 225 50 
206 164 218 181 145 48 55 35 146 164 91 57 155 246 
100 182 249 102 154 85 81 88 91 213 152 31 116 77 
155 41 58 88 39 230 242 242 166 244 85 238 50 133 
115 174 194 185 228 230 111 127 78 21 184 67 15 50 
202 54 72 234 154 160 73 191 191 137 4 189 248 214 
244 227 94 2 196 101 85 171 45 228 97 29 207 198 
148 135 14 241 208 146 213 72 49 159 134 126 176 35 
89 90 148 67 215 192 46 42 55 29 68 154 7 167 
43 10 230 76 237 108 238 19 242 178 24 234 210 7 
199 103 89 14 227 140 171 145 183 130 56 27 174 158 
182 156 253 238 7 226 8 131 90 57 117 65 107 61 
92 74 187 124 13 4 43 170 254 26 68 152 250 236 
55 113 144 224 73 119 99 234 9 228 230 175 64 71 
56 78 134 225 231 91 76 73 234 95 179 230 11 10 
136 77 0 97 100 155 41 146 141 121 198 237 201 73 
68 231 89 103 241 1 4 160 96 13 121 159 172 113 
135 52 116 160 200 170 79 146 152 228 148 164 13 58 
60 231 45 211 2 34 161 27 32 85 101 36 210 143 
124 38 176 94 182 124 64 163 198 92 118 196 137 147 
197 113 55 102 194 121 234 173 22 33 108 75 191 61 
76 148 213 109 243 241 70 136 20 13 228 223 55 229 
235 233 83 245 109 10 133 222 50 184 39 55 192 225 
173 48 158 17 43 114 188 95 29 253 71 247 13 9 
162 105 3 219 125 222 15 250 42 218 141 192 12 40 
123 170 105 215 0 90 156 19 222 165 107 57 97 91 
122 167 110 204 233 29 159 211 237 7 232 157 215 113 
31 31 204 217 200 225 5 72 146 140 236 4 147 18 
48 207 52 36 97 227 150 222 67 46 103 164 75 148 
46 245 158 62 177 45 243 229 82 85 193 32 75 123 
216 31 215 125 205 252 139 62 50 161 253 65 100 228 
72 250 244 88 232 82 21 203 241 43 82 223 31 25 
178 112 133 248 111 128 221 188 40 19 9 162 33 147 
145 234 217 159 166 245 127 118 63 88 156 130 171 176 
64 115 46 138 199 10 38 158 107 50 249 38 9 149 
129 219 106 207 20 45 126 228 188 130 42 2 133 12 
13 33 176 113 171 142 145 167 38 100 176 114 28 15 
210 29 72 179 212 189 219 208 127 216 253 157 75 34 
49 116 218 8 19 56 93 205 142 19 184 203 150 133 
7 163 9 240 195 35 24 156 196 52 206 204 75 35 
105 106 241 58 93 68 125 103 243 17 174 69 156 220 
213 200 57 32 41 44 245 36 196 185 138 7 176 40 
141 81 60 9 124 90 103 103 168 165 206 88 84 209 
75 173 71 177 190 78 67 72 124 77 205 33 229 75 
79 81 231 164 251 87 82 65 0 157 121 141 1 85 
221 36 76 218 160 195 120 47 64 246 208 155 131 81 
211 246 6 255 241 36 105 51 128 39 223 136 26 243 
54 140 249 142 15 173 224 245 28 187 216 130 48 151 
210 149 234 2 144 123 210 114 68 251 43 86 87 255 
251 83 58 81 48 145 156 180 152 218 45 31 135 246 
195 206 15 231 146 216 201 20 32 115 23 150 215 209 
176 188 113 234 111 8 235 95 57 93 77 81 41 42 
177 175 223 25 77 61 189 240 32 135 116 208 50 185 
193 64 199 197 185 102 40 47 194 46 221 27 5 137 
80 200 154 158 166 122 227 202 193 201 186 160 73 145 
27 34 234 209 40 87 218 21 253 40 49 106 202 75 
155 97 37 196 152 62 100 92 122 116 43 98 34 48 
168 86 204 183 111 132 128 247 201 196 97 110 232 162 
88 181 130 251 141 172 27 14 97 130 4 132 55 172 
167 111 178 153 143 99 216 182 159 158 184 180 207 58 
53 59 184 101 184 124 101 47 121 147 103 186 245 64 
195 185 54 141 181 187 62 227 36 210 209 171 3 118 
155 67 65 162 50 238 31 75 182 110 162 152 91 230 
70 215 13 228 124 58 234 228 79 35 131 216 131 143 
221 213 98 245 134 43 10 111 139 112 48 218 7 177 
117 165 224 130 237 190 141 64 220 145 143 46 174 254 
243 3 179 125 20 88 225 66 187 180 236 31 120 212 
118 35 19 85 246 234 85 255 103 81 90 71 219 81 
131 71 16 217 109 26 130 150 185 160 216 248 157 131 
11 209 145 167 232 132 87 154 29 89 84 178 241 30 
156 240 104 20 110 5 5 103 146 246 97 95 35 212 
202 61 10 150 91 162 118 175 249 108 181 116 13 176 
136 8 130 8 211 40 134 133 76 97 29 185 187 175 
240 103 89 164 178 128 209 233 109 112 239 120 108 213 
99 242 182 28 56 89 253 243 200 71 18 57 229 4 
197 155 229 189 178 16 26 18 245 25 119 186 116 35 
41 123 133 19 152 245 181 197 213 5 244 79 239 29 
246 245 39 133 218 44 8 153 105 9 208 61 234 185 
105 27 35 12 204 224 32 110 213 55 7 107 72 174 
29 76 29 217 162 186 233 227 65 178 251 5 166 20 
29 111 143 14 96 69 159 132 53 62 24 78 167 149 
64 3 128 200 69 201 118 204 147 17 28 237 74 233 
139 199 53 124 25 196 77 18 96 32 49 211 9 187 
169 140 225 67 154 196 25 113 59 76 160 231 41 242 
87 76 50 75 5 110 71 130 111 227 20 39 41 143 
181 104 54 183 185 73 69 42 148 2 101 69 141 3 
163 70 63 251 144 80 232 151 251 123 165 156 133 2 
39 138 204 166 88 72 136 92 17 223 71 23 172 202 
122 17 108 231 115 218 110 132 123 185 214 250 55 92 
15 7 12 5 138 242 112 162 12 129 140 155 124 184 
57 45 11 146 22 26 172 233 8 39 98 127 104 12 
60 143 191 185 38 252 85 139 182 117 47 109 94 93 
101 33 74 246 254 172 249 159 68 69 48 170 168 131 
104 227 214 226 170 193 200 124 248 115 130 61 85 240 
138 110 62 145 172 166 255 61 186 20 39 217 141 153 
156 140 131 40 1 76 186 92 216 247 72 44 148 114 
5 114 211 17 240 201 112 202 88 58 153 230 110 153 
232 180 181 58 61 154 120 70 163 1 254 165 188 232 
140 2 37 225 4 109 74 222 224 61 54 172 143 142 
249 89 1 33 55 163 21 150 191 123 252 7 157 181 
74 252 135 167 48 48 101 89 114 127 217 70 144 137 
205 196 191 10 231 231 119 85 124 174 47 54 243 158 
44 15 183 192 250 79 140 185 139 175 207 207 136 58 
65 181 51 54 204 132 106 99 237 127 34 151 38 225 
197 88 112 116 47 210 176 95 147 229 8 34 38 26 
123 186 241 35 160 166 228 140 86 112 78 227 166 163 
206 125 105 47 87 228 95 201 144 254 102 124 94 236 
148 18 128 71 123 154 217 137 12 226 54 0 103 114 
68 97 110 169 71 206 144 232 146 231 137 81 133 180 
187 12 151 149 116 60 53 186 245 220 181 41 155 69 
207 38 62 19 41 104 219 170 48 211 10 236 183 49 
128 51 194 215 92 61 84 157 87 86 154 218 195 248 
157 21 226 156 59 198 122 208 114 182 214 145 101 254 
17 101 249 232 57 52 212 105 174 119 83 227 140 63 
237 70 26 240 33 255 25 46 88 127 219 114 240 106 
152 32 146 178 72 239 46 39 231 122 95 245 73 91 
226 121 241 194 237 136 21 244 85 178 97 69 102 190 
49 177 204 31 79 194 151 30 86 27 32 44 117 224 
181 53 39 50 225 10 176 152 10 79 133 129 77 2 
93 4 76 198 237 53 206 169 208 35 165 86 200 57 
36 114 43 155 83 218 210 54 126 248 201 154 127 20 
193 194 167 56 32 163 224 223 28 47 5 8 137 51 
125 29 98 180 12 39 35 230 57 177 122 116 2 167 
73 29 37 254 26 0 71 40 102 198 9 129 250 52 
102 191 156 248 3 224 218 109 7 67 174 13 107 202 
247 150 165 13 159 94 115 141 218 63 4 157 246 56 
106 103 57 156 124 85 211 116 47 244 180 148 121 101 
20 164 33 74 118 245 95 38 128 212 129 23 176 63 
40 58 163 18 224 96 82 201 87 216 183 237 82 33 
115 102 198 112 103 197 132 156 244 204 212 221 55 178 
51 182 81 126 224 150 152 202 95 205 58 140 136 18 
37 33 237 209 143 156 197 168 231 211 162 228 74 186 
93 220 123 150 184 7 49 130 50 161 187 89 82 112 
14 200 133 101 131 52 49 188 176 188 154 210 246 109 
116 51 197 222 18 96 160 90 145 194 131 70 65 253 
63 125 217 131 217 45 42 237 175 140 79 69 82 32 
160 184 55 83 15 69 118 20 175 213 197 200 15 16 
82 62 101 101 199 121 44 82 72 215 172 173 205 44 
135 13 161 37 211 183 81 125 41 75 219 55 162 185 
101 95 36 115 181 48 5 63 19 78 255 88 6 91 
64 18 112 107 217 56 80 216 254 91 225 83 53 247 
142 66 208 97 158 72 44 164 184 10 108 9 181 14 
164 225 211 235 119 3 139 171 227 50 233 50 39 201 
139 139 60 129 2 95 56 103 86 163 178 164 206 175 
75 50 236 110 209 114 245 167 95 203 75 77 52 73 
205 186 54 172 73 227 88 31 149 208 71 2 25 185 
166 141 223 144 5 230 6 201 161 253 198 249 39 5 
141 76 96 188 106 60 20 47 107 147 224 195 5 81 
7 228 74 23 69 192 239 208 186 240 46 92 56 202 
71 116 41 150 7 117 202 185 116 87 31 156 172 228 
83 179 228 181 225 31 71 224 75 15 165 6 173 237 
163 20 56 208 27 145 14 109 88 163 3 239 224 226 
226 175 229 112 77 179 179 118 152 214 95 13 212 235 
169 59 233 155 226 46 109 163 100 142 44 22 84 110 
143 45 14 101 152 62 42 83 32 58 109 179 54 254 
201 235 66 89 47 54 5 99 226 160 15 87 59 239 
99 198 11 166 134 130 129 204 42 74 218 88 61 101 
243 145 83 151 161 9 6 146 153 16 111 78 197 233 
201 132 233 139 48 49 196 31 141 164 117 212 221 95 
92 177 133 96 74 225 161 150 16 77 211 26 167 202 
131 180 194 221 235 104 204 40 99 170 178 51 167 98 
16 249 81 167 248 206 235 197 240 42 209 129 243 62 
137 248 171 228 8 128 112 209 95 247 74 32 34 101 
68 249 168 9 107 249 104 89 102 41 71 252 254 130 
41 107 147 135 222 0 91 230 116 186 88 201 60 234 
196 27 60 30 252 193 193 119 0 231 31 129 18 67 
139 84 132 235 221 193 201 73 159 220 33 187 6 43 
8 216 14 236 218 129 207 235 255 165 39 131 174 98 
12 140 56 117 77 192 45 19 255 252 236 55 28 47 
48 74 45 166 205 219 156 30 43 215 109 76 193 244 
253 102 61 59 16 205 23 161 168 218 245 224 159 112 
208 233 145 78 190 207 163 42 249 228 62 247 15 24 
80 122 159 108 70 244 163 37 21 83 149 94 193 165 
74 32 156 136 179 150 219 175 212 219 208 194 136 54 
188 142 83 242 206 170 239 81 43 232 223 135 138 80 
157 36 87 127 92 109 9 56 97 168 205 195 149 151 
11 64 145 133 147 170 173 71 10 31 17 236 111 30 
163 32 65 246 196 150 34 196 82 152 130 148 195 85 
92 30 133 165 222 168 15 247 16 252 163 131 161 225 
114 217 40 200 127 47 226 217 133 162 43 218 242 4 
115 249 167 123 25 127 128 160 158 79 174 245 188 122 
1 112 3 0 255 242 206 216 89 176 42 194 147 254 
220 197 219 251 35 177 195 147 192 110 27 6 61 197 
183 103 98 38 109 225 225 237 246 56 23 207 57 127 
152 83 2 7 243 128 20 191 163 39 174 187 21 184 
133 147 15 117 58 111 206 8 100 227 86 172 74 78 
180 195 221 85 89 212 174 59 30 117 25 199 14 155 
166 12 128 184 173 164 251 26 249 7 17 196 225 179 
177 196 196 117 6 180 255 19 67 203 173 35 130 81 
173 246 127 180 109 213 113 159 16 7 183 69 157 109 
146 177 69 157 161 160 101 88 184 2 31 129 132 53 
177 114 61 149 126 216 204 158 128 115 49 38 86 128 
73 125 82 75 161 16 201 2 54 48 9 28 8 34 
152 47 57 23 53 219 191 40 111 228 235 164 24 141 
66 212 177 114 247 46 191 38 91 237 111 118 252 242 
123 176 16 209 67 87 17 155 192 93 211 87 193 168 
130 146 20 211 147 116 154 177 54 55 144 174 71 245 
81 122 103 13 100 14 147 131 107 73 142 23 125 57 
79 179 234 34 226 75 34 181 225 170 206 51 44 77 
125 1 219 252 139 142 79 220 172 159 149 111 128 206 
12 253 251 75 43 65 39 63 159 200 151 229 2 178 
125 204 47 58 70 153 29 112 144 233 84 76 57 116 
236 174 82 178 15 182 25 17 90 189 97 67 215 169 
186 74 206 221 90 112 188 57 117 111 255 149 238 163 
47 58 222 171 100 62 106 181 155 76 145 250 128 100 
141 142 196 107 27 0 121 102 202 225 220 184 63 85 
164 0 21 187 179 226 209 43 133 161 173 88 124 23 
86 207 27 195 175 62 174 102 120 112 3 94 10 1 
193 16 230 133 34 182 163 196 105 62 93 104 46 249 
111 51 86 47 51 72 209 240 32 201 132 241 42 26 
25 177 236 173 69 135 106 233 193 125 143 97 113 235 
103 224 17 253 154 17 25 3 226 141 142 182 174 19 
26 248 189 100 65 38 37 194 132 128 114 203 220 48 
146 144 17 45 182 116 121 50 130 226 92 217 21 21 
73 152 75 182 207 109 91 114 147 43 79 206 114 6 
239 120 22 17 4 226 12 84 56 163 56 145 203 158 
148 156 190 195 127 193 117 246 32 12 88 93 45 98 
29 249 21 134 77 3 226 72 77 118 3 2 160 52 
229 112 218 206 26 232 238 216 254 201 208 39 232 136 
127 50 240 223 25 254 214 43 13 31 246 58 86 26 
137 224 114 194 204 231 134 205 55 124 147 66 165 0 
148 242 198 114 244 156 183 207 117 22 183 140 164 250 
88 4 20 234 147 80 254 148 165 182 246 127 85 8 
255 130 231 36 153 145 79 203 138 81 143 214 239 29 
109 90 89 179 227 22 220 124 45 12 233 60 126 7 
126 35 186 15 94 29 133 102 217 30 20 238 245 18 
104 88 186 15 236 220 242 78 4 58 56 198 162 165 
100 161 237 14 139 106 87 63 97 161 237 38 14 92 
32 168 37 91 112 212 44 228 91 29 60 223 100 4 
144 49 66 121 171 1 129 57 240 249 165 198 141 185 
147 254 212 245 192 152 63 246 91 240 233 11 109 171 
249 96 144 210 21 154 44 247 244 44 189 224 13 28 
35 18 174 208 132 142 229 184 254 0 22 47 247 111 
205 32 107 242 26 117 131 38 157 80 93 174 79 121 
69 83 219 249 21 215 181 248 110 68 214 223 237 154 
162 0 250 232 144 107 254 196 50 28 30 36 162 204 
164 35 32 3 99 179 119 102 56 146 91 85 216 222 
113 136 235 77 141 217 129 69 211 91 104 91 138 210 
106 6 84 78 214 35 38 51 163 206 73 120 163 9 
129 24 195 69 226 209 187 20 33 238 159 130 93 156 
73 45 132 117 120 218 32 155 222 207 85 251 76 194 
98 46 125 201 175 217 216 241 140 46 70 197 124 13 
213 196 181 217 234 73 187 1 100 59 104 224 31 199 
46 0 61 90 148 211 187 92 127 140 142 241 143 35 
65 61 175 15 199 72 55 13 142 217 223 165 248 68 
206 230 44 128 184 151 225 162 24 38 83 59 173 96 
125 50 24 25 166 191 21 161 200 189 176 82 88 191 
97 230 125 137 88 43 142 83 250 86 185 47 155 85 
184 66 247 62 141 76 138 6 176 137 207 176 110 137 
64 236 73 185 200 129 247 55 184 113 136 40 170 131 
190 32 166 187 249 244 234 77 69 110 118 94 96 26 
75 227 141 104 40 160 198 93 56 140 226 78 214 140 
174 69 6 44 121 235 85 251 119 64 219 101 56 41 
188 69 65 141 14 119 118 48 47 202 177 25 88 49 
176 214 43 146 49 198 213 77 249 198 63 111 132 141 
154 109 116 108 49 138 160 135 50 61 129 110 40 117 
122 248 171 194 91 167 108 233 24 166 205 241 242 4 
161 18 143 218 139 144 160 10 59 60 250 220 250 159 
215 81 175 38 18 213 140 148 173 103 14 92 227 112 
5 92 167 69 0 188 134 221 179 40 170 27 105 110 
196 169 175 248 164 1 228 228 34 120 75 181 231 215 
198 204 5 48 53 90 49 211 206 101 47 25 210 36 
130 141 159 217 96 134 245 171 235 137 124 229 104 176 
34 182 135 128 214 33 193 147 247 108 103 255 173 157 
98 73 230 146 102 162 173 247 140 158 31 34 107 165 
93 202 241 18 215 131 53 145 179 7 124 182 64 160 
147 202 139 198 158 138 80 109 79 155 20 135 41 15 
192 187 138 234 46 121 131 212 214 233 20 213 93 159 
6 183 151 37 240 215 250 87 90 134 28 111 34 48 
248 62 96 227 9 162 241 34 21 255 149 115 178 138 
179 243 123 106 137 146 169 46 188 43 111 229 144 252 
234 239 55 192 218 243 129 23 57 69 57 156 183 168 
31 129 190 130 138 249 139 179 194 82 151 89 29 3 
79 230 137 13 134 154 146 207 144 75 238 211 59 235 
108 40 60 157 249 88 142 45 41 136 6 97 49 72 
208 66 73 194 92 235 9 155 62 63 17 217 226 110 
87 141 15 11 211 149 171 208 17 234 48 141 239 1 
117 92 153 244 124 11 78 15 85 204 192 187 27 90 
37 50 11 34 14 69 109 211 78 173 26 208 136 96 
30 109 224 115 197 108 129 128 25 217 188 1 229 157 
65 24 158 80 168 97 12 132 147 80 10 29 169 167 
106 0 12 185 238 14 251 126 183 130 213 14 149 38 
153 102 82 162 14 88 201 69 13 81 221 205 143 55 
159 41 234 220 242 27 61 254 102 26 24 110 74 49 
163 240 8 121 126 203 55 156 212 165 14 91 76 255 
206 19 113 11 172 179 42 1 197 154 231 8 236 215 
155 145 24 59 4 65 150 134 60 226 142 104 130 60 
70 93 151 61 185 216 47 135 48 72 73 178 229 152 
182 51 110 131 164 167 154 203 185 32 52 150 25 183 
93 237 65 28 141 128 172 200 185 148 241 62 244 35 
18 240 103 231 135 151 20 21 71 162 38 85 115 46 
146 245 223 173 89 108 220 200 228 164 251 79 12 70 
205 252 253 18 166 74 205 48 232 175 82 1 124 236 
137 132 61 205 99 184 217 58 248 88 203 103 234 218 
233 56 60 9 8 0 8 227 109 231 18 101 139 195 
17 202 59 120 136 170 61 171 120 229 95 24 71 235 
135 149 162 52 117 33 158 124 147 209 100 202 129 154 
234 166 6 206 159 118 163 203 136 249 42 214 209 163 
101 176 144 240 219 174 96 178 108 66 100 170 17 40 
99 43 159 229 203 129 121 194 224 230 192 69 39 180 
179 206 234 173 240 131 219 223 192 127 254 131 247 39 
166 166 208 107 130 78 32 33 204 205 104 1 47 176 
31 65 215 110 192 142 169 249 180 195 138 122 111 58 
67 227 19 84 173 6 27 40 123 45 70 40 236 218 
214 27 52 38 228 96 104 144 254 78 102 180 136 83 
120 47 99 152 89 245 66 164 22 118 116 18 101 131 
18 78 180 222 103 173 190 14 127 58 104 138 132 116 
219 100 209 150 40 61 135 27 61 221 131 175 202 100 
104 213 62 144 181 130 28 30 31 48 177 31 188 245 
52 6 213 15 54 211 10 89 159 159 155 143 84 109 
85 39 151 53 185 106 139 29 181 197 173 156 86 86 
152 23 95 44 148 35 104 88 66 118 240 32 74 220 
53 77 155 26 130 229 14 81 204 222 101 3 233 241 
52 106 214 205 200 3 241 232 99 254 78 238 169 124 
202 40 11 189 254 125 185 202 228 211 212 36 69 17 
110 53 164 121 125 63 47 70 117 15 13 169 69 228 
247 222 64 189 153 7 232 0 61 207 87 147 48 234 
227 212 254 159 98 155 185 245 36 93 127 123 116 12 
60 212 195 249 16 146 69 0 68 42 171 77 153 71 
39 176 127 13 25 144 28 164 29 135 186 238 194 218 
236 85 156 62 61 31 135 124 161 210 213 29 25 3 
94 251 5 100 78 39 100 103 165 10 253 39 234 72 
160 143 182 237 65 92 190 239 23 144 231 3 153 62 
185 74 47 51 236 83 79 223 68 253 88 23 200 212 
79 178 15 166 118 182 22 180 64 140 47 150 186 1 
151 225 115 19 221 37 0 99 60 234 233 71 116 81 
26 144 124 118 44 7 43 99 18 58 183 61 133 43 
32 7 199 128 133 159 226 36 139 206 51 39 165 48 
67 239 8 60 157 202 69 246 63 195 36 105 189 210 
171 192 241 152 128 67 95 206 175 138 245 74 5 50 
110 25 168 69 38 239 74 3 242 218 181 181 92 218 
6 12 125 8 166 121 95 19 217 178 252 1 160 172 
45 180 92 46 187 140 145 114 245 171 150 113 196 223 
78 48 106 147 170 188 110 128 171 116 117 246 202 83 
249 89 99 58 106 168 72 44 111 173 123 216 146 60 
110 28 133 233 172 115 50 93 186 57 100 181 130 28 
32 97 188 16 79 90 129 134 201 33 154 85 83 137 
62 202 116 187 203 163 243 184 175 188 230 246 211 225 
196 186 208 89 140 237 145 67 73 100 103 83 75 216 
137 227 223 205 73 13 213 74 225 17 20 72 69 169 
254 130 188 240 0 150 100 211 202 229 247 24 139 158 
120 11 23 252 83 117 63 99 69 0 160 231 213 109 
22 165 106 117 144 104 149 239 66 8 230 193 10 71 
112 165 203 94 94 90 193 98 142 117 208 69 85 253 
48 183 212 149 10 61 176 33 10 182 171 98 98 160 
215 42 24 124 163 200 150 50 115 31 6 128 181 108 
116 154 9 88 146 121 187 213 14 214 127 71 110 154 
37 133 20 66 77 209 145 185 198 146 249 141 95 191 
151 49 255 200 193 220 201 135 207 226 252 32 128 235 
27 218 168 31 116 118 230 11 47 46 81 233 27 242 
21 133 84 174 133 114 180 153 127 78 102 29 68 147 
152 195 115 11 115 182 23 57 230 62 212 50 214 65 
71 29 189 239 153 233 14 234 53 87 123 215 179 95 
130 67 226 85 22 191 203 42 184 148 84 40 132 46 
142 24 238 52 168 115 90 64 197 213 41 49 16 203 
69 53 150 250 69 30 139 94 124 60 62 95 245 115 
178 220 153 222 63 176 150 176 118 175 139 77 170 192 
78 240 120 40 71 150 150 60 54 146 206 69 57 97 
229 111 177 212 12 245 107 104 167 52 152 20 166 28 
29 161 233 62 44 168 82 140 74 100 193 247 231 163 
239 0 109 246 86 238 147 111 61 184 120 91 58 253 
94 84 115 2 107 255 254 114 98 115 178 252 144 103 
70 178 182 14 124 143 114 26 1 114 146 105 163 143 
146 9 113 247 217 211 134 173 186 119 211 206 71 108 
177 187 112 189 144 240 180 130 117 220 179 241 179 204 
84 196 54 208 84 255 249 190 235 153 157 187 82 227 
106 39 29 108 76 165 131 99 207 101 76 177 154 85 
59 113 29 111 157 57 212 30 217 154 138 139 30 62 
84 227 21 186 185 212 176 30 202 56 244 71 12 192 
19 193 98 146 50 63 246 142 229 149 110 102 92 168 
177 248 246 55 0 226 249 208 82 154 51 174 104 200 
193 145 123 69 195 190 253 142 64 11 188 214 78 241 
255 148 227 201 248 131 93 146 88 174 187 186 232 245 
74 31 192 173 7 52 43 187 66 72 176 129 106 169 
244 227 106 110 132 121 242 128 67 159 117 57 35 129 
80 199 176 84 227 55 27 192 207 106 42 104 218 170 
253 136 240 68 37 183 80 249 178 11 178 252 0 31 
244 187 8 47 242 85 192 52 153 144 133 39 1 221 
4 130 161 58 216 65 171 77 99 12 135 135 30 143 
66 151 185 164 181 245 52 223 95 154 217 30 241 51 
111 89 204 220 2 69 103 69 132 147 163 237 204 179 
55 78 204 211 179 175 105 15 251 33 183 110 136 9 
152 205 87 83 60 111 237 32 49 39 168 98 209 46 
53 25 186 91 187 30 75 181 65 36 68 111 186 184 
7 219 211 196 73 63 186 248 188 191 243 218 11 85 
8 15 175 206 138 61 155 188 75 221 205 51 140 181 
2 55 251 225 213 37 120 134 20 118 76 95 123 172 
66 41 20 163 118 129 105 69 225 205 76 33 203 129 
251 221 99 25 67 44 217 106 133 56 53 132 23 27 
178 100 91 181 66 103 158 69 134 231 195 185 129 74 
240 153 244 186 87 95 234 36 173 86 25 77 144 30 
157 147 78 38 98 125 113 103 88 60 232 75 183 134 
68 233 117 74 206 181 104 73 159 74 92 82 112 166 
132 246 109 90 251 49 5 65 85 17 253 115 52 198 
247 50 129 212 209 201 203 125 176 79 92 31 40 6 
194 15 251 100 71 18 194 106 125 113 234 135 235 89 
238 26 112 27 215 89 40 80 218 199 146 35 175 174 
202 247 245 87 21 10 126 111 231 85 67 193 78 10 
113 130 192 60 13 50 182 198 60 121 151 19 243 121 
137 167 55 171 14 40 98 186 226 214 229 209 93 83 
205 194 124 165 208 11 232 206 151 163 234 3 20 205 
78 10 229 227 63 136 45 155 225 4 174 202 112 84 
178 160 227 132 158 104 84 59 61 68 46 146 25 10 
87 105 106 232 53 184 99 41 24 4 1 67 253 22 
22 107 182 77 31 28 129 249 153 61 147 24 3 125 
198 72 48 178 23 102 203 7 63 117 102 73 29 22 
108 49 145 73 106 20 50 234 101 134 39 138 108 91 
95 171 28 193 117 135 224 182 250 251 166 223 49 18 
141 107 0 169 160 136 215 47 85 23 66 81 47 172 
216 29 183 189 173 152 50 208 114 205 111 108 16 30 
214 2 129 182 10 8 233 229 126 30 81 21 159 138 
220 212 21 253 34 182 240 255 181 5 142 1 159 179 
221 15 188 196 226 54 65 212 78 195 142 65 189 186 
145 196 126 60 249 48 67 191 30 173 43 45 59 164 
126 218 37 152 221 218 225 130 227 79 170 57 21 99 
142 225 237 170 247 19 74 192 211 216 215 13 116 244 
202 241 132 98 109 172 19 191 134 221 74 28 152 154 
199 92 111 252 59 24 6 199 62 203 55 166 214 231 
106 51 37 23 207 156 215 18 229 21 80 155 207 60 
183 89 12 27 14 30 84 16 135 39 103 18 224 89 
150 158 89 184 117 255 214 118 130 13 96 113 160 72 
181 225 176 152 41 47 105 186 37 149 197 37 29 33 
233 24 220 240 68 139 50 183 145 236 185 237 202 181 
246 195 97 23 205 239 216 94 26 106 171 20 192 112 
93 159 137 47 247 81 155 232 115 170 164 221 48 141 
223 178 19 202 231 152 170 145 41 1 31 189 244 223 
36 123 72 89 71 97 147 79 250 74 118 176 177 144 
209 101 239 180 94 240 47 17 78 51 198 85 235 205 
157 229 113 101 93 117 35 152 227 66 217 100 4 255 
97 231 12 157 44 162 100 236 118 165 189 170 23 253 
162 164 232 250 9 184 156 221 34 201 38 239 160 193 
211 163 140 55 173 7 120 210 87 50 148 114 226 230 
200 16 245 52 104 65 87 213 83 56 113 31 63 13 
82 161 235 187 56 113 177 206 27 93 174 229 161 180 
88 243 198 68 172 200 249 147 48 64 78 44 156 124 
6 113 70 98 16 43 6 226 154 150 26 110 157 94 
180 215 178 236 167 133 151 93 96 105 198 98 86 71 
250 40 208 113 142 231 63 81 250 128 234 235 116 160 
154 162 234 104 160 14 31 208 253 173 2 116 23 39 
122 17 52 7 60 248 144 114 211 155 244 38 255 212 
161 184 1 177 161 32 194 180 40 188 216 141 132 21 
177 229 206 116 83 212 173 26 1 214 198 193 120 147 
15 130 226 99 57 139 250 112 143 203 165 154 55 197 
48 27 65 76 197 28 245 141 114 155 0 14 151 145 
219 111 99 220 226 239 206 143 175 47 112 255 49 18 
24 254 178 231 156 77 246 51 88 71 158 40 125 115 
22 38 21 123 43 63 105 208 65 67 144 111 68 60 
130 199 109 42 97 209 41 245 95 238 154 253 249 2 
101 72 135 161 20 105 89 177 66 136 1 39 120 185 
136 172 176 66 150 172 20 232 39 108 231 129 121 163 
49 117 87 176 240 48 92 63 87 142 151 45 145 185 
95 94 188 240 239 220 182 242 95 1 237 48 226 248 
178 165 209 209 49 78 17 79 129 78 253 57 148 243 
43 156 197 221 109 213 227 169 250 189 46 188 207 15 
14 195 133 86 5 12 171 124 152 249 234 137 219 187 
206 76 220 231 89 107 218 121 57 64 253 169 47 182 
180 52 72 47 121 64 162 122 73 56 234 34 172 184 
7 72 233 65 216 232 142 68 138 228 17 148 56 114 
93 177 0 96 107 27 101 172 77 195 213 0 130 22 
253 126 252 235 195 141 89 47 201 19 244 177 113 195 
232 5 227 194 195 143 220 173 39 83 146 147 4 21 
34 111 101 143 151 8 84 45 242 214 169 179 243 90 
240 236 174 57 132 94 172 153 149 84 93 191 41 133 
112 57 228 137 221 178 190 216 90 23 70 179 8 78 
104 118 54 62 16 61 104 165 75 116 170 215 201 25 
245 247 110 1 254 46 51 68 208 182 196 147 243 255 
82 38 229 22 144 90 59 126 30 169 48 46 33 0 
110 157 213 10 112 243 48 162 181 98 213 63 154 34 
171 114 187 143 83 58 37 94 80 10 94 38 87 63 
118 39 70 149 193 250 244 218 192 79 195 152 113 90 
152 27 135 153 15 23 179 99 176 177 123 14 81 17 
44 9 195 186 209 32 181 34 23 228 234 46 92 0 
217 127 122 157 97 78 209 38 150 194 86 33 73 41 
8 245 57 87 12 181 197 215 210 131 180 180 111 232 
84 132 70 160 185 169 241 16 117 150 109 224 134 20 
164 113 208 52 74 161 32 236 133 253 30 217 231 174 
220 46 17 199 206 159 120 97 201 80 54 249 186 28 
145 120 198 188 77 80 109 94 235 34 195 89 86 32 
234 26 239 1 204 253 123 138 203 13 47 157 229 17 
244 86 87 94 132 230 227 171 248 136 69 148 120 181 
248 47 220 5 145 244 13 172 214 106 68 26 110 80 
31 202 188 139 200 192 32 43 16 162 165 232 207 247 
90 148 180 246 55 243 93 50 31 122 49 73 210 74 
164 141 242 175 114 25 200 196 140 52 74 201 134 151 
130 2 155 101 44 139 217 133 71 168 105 159 254 248 
35 8 156 81 135 98 117 2 34 41 228 27 236 158 
6 127 148 226 218 158 77 57 9 186 244 22 105 32 
104 150 229 94 108 211 255 20 190 128 50 174 45 247 
139 133 99 236 235 81 121 83 59 105 189 192 34 199 
13 117 136 221 44 175 12 216 190 187 33 22 9 110 
147 48 100 226 98 63 139 177 129 25 81 151 232 140 
188 71 63 224 2 79 100 15 206 248 103 233 190 25 
131 85 24 146 89 250 82 213 178 126 175 84 217 54 
183 83 98 198 199 130 236 127 191 51 165 104 211 73 
29 43 197 214 148 86 139 129 77 1 132 199 213 87 
85 248 210 210 251 138 153 156 116 184 154 236 33 175 
48 183 53 125 222 213 75 165 18 141 84 200 216 167 
205 122 203 114 238 48 204 20 246 240 100 116 231 147 
97 192 229 72 195 60 181 67 219 220 153 197 28 242 
230 32 145 31 52 178 200 104 93 161 151 105 117 22 
174 115 41 190 141 37 67 3 211 128 71 56 19 26 
166 203 203 220 234 113 55 147 248 144 203 12 22 211 
1 242 37 227 25 126 162 41 63 28 0 73 174 159 
233 152 224 211 15 53 134 24 124 168 249 61 201 75 
17 143 62 207 196 53 253 218 81 101 160 170 172 253 
122 5 193 83 122 24 189 155 127 249 217 98 169 208 
