197 128 35 183 68 210 104 16 208 177 187 245 105 29 
245 114 116 228 170 173 214 12 56 66 17 141 160 47 
190 66 117 159 8 249 185 145 200 166 115 120 252 71 
8 141 69 87 235 42 58 68 112 231 207 82 150 197 
40 101 76 100 54 74 40 88 98 205 34 233 170 237 
3 225 1 205 170 2 61 194 250 77 34 225 243 192 
44 213 246 87 193 251 205 0 91 166 169 45 249 214 
50 112 134 26 214 96 98 131 107 194 48 93 241 148 
141 40 127 152 123 50 195 55 150 232 53 132 223 76 
105 147 205 255 16 233 113 145 48 55 142 28 202 127 
126 9 165 155 50 178 100 142 123 112 183 151 88 67 
246 54 130 1 221 61 72 40 4 4 80 17 109 141 
84 244 176 15 155 218 85 148 30 125 55 213 223 221 
21 26 11 81 84 122 46 214 219 164 154 36 171 150 
26 104 15 22 134 104 194 156 0 244 129 175 134 14 
37 103 224 118 17 154 249 21 215 39 235 14 118 12 
161 83 165 221 69 36 195 104 94 234 86 233 235 165 
6 128 93 196 221 208 197 228 85 65 206 37 111 210 
57 23 15 169 109 226 146 3 190 74 49 249 43 79 
175 41 149 92 230 154 225 34 197 52 213 16 78 247 
139 224 157 139 113 23 70 197 92 212 244 132 76 21 
238 167 104 215 157 99 207 139 62 144 40 176 207 45 
212 126 84 92 159 37 246 26 152 121 197 132 190 122 
36 160 220 192 51 29 104 249 187 148 108 44 188 3 
159 181 203 43 29 231 211 40 47 47 112 58 214 139 
153 186 22 215 35 36 1 226 238 79 44 173 250 59 
86 211 220 249 178 143 23 211 75 7 143 106 33 60 
78 59 196 82 76 27 38 214 147 196 209 36 34 54 
78 80 26 180 40 125 186 232 15 55 103 169 3 126 
183 96 238 74 91 10 63 225 216 14 104 209 47 106 
94 94 238 84 219 200 101 249 205 40 82 147 52 124 
120 135 41 133 195 11 133 89 175 175 129 77 60 116 
237 141 182 241 198 189 94 48 189 139 35 13 208 245 
114 39 128 226 184 104 90 247 167 209 222 53 63 99 
166 200 65 220 94 145 60 39 27 223 59 247 220 177 
114 70 82 60 173 78 197 188 217 198 42 172 246 175 
194 156 16 40 235 96 144 131 65 209 61 139 196 240 
233 88 53 107 224 124 40 204 79 154 148 38 55 176 
162 98 19 253 105 158 228 132 196 239 74 31 181 85 
153 58 71 233 70 136 213 87 53 150 164 134 100 102 
67 190 52 47 53 207 133 222 100 157 18 75 207 40 
198 58 251 113 3 25 29 116 137 194 135 65 88 51 
34 246 4 82 233 209 18 179 190 57 45 161 159 45 
107 26 94 32 71 188 102 46 252 183 72 150 138 11 
179 34 16 197 138 166 97 3 213 30 39 55 150 140 
30 99 105 90 93 154 56 97 60 241 168 137 189 106 
5 134 0 253 3 156 78 162 31 79 184 227 88 159 
10 156 128 31 224 44 106 3 95 229 253 17 134 199 
63 77 163 9 72 39 111 230 86 135 63 72 106 107 
127 14 4 9 197 225 3 212 253 36 243 17 37 217 
23 64 116 187 29 162 82 52 81 177 92 89 178 109 
121 121 153 192 215 197 115 201 174 10 199 202 254 73 
70 208 59 208 214 149 86 96 251 112 6 5 182 96 
180 118 213 247 5 40 134 73 151 154 120 91 106 205 
220 116 120 111 227 90 93 116 39 254 128 54 168 94 
59 215 112 110 56 54 209 113 125 94 124 61 12 79 
85 29 141 175 137 37 137 190 0 0 0 0 0 0 
2 87 241 184 149 112 48 190 0 0 0 0 0 0 
98 95 203 239 18 124 118 71 0 0 0 0 0 0 
185 211 222 3 107 61 160 190 0 0 0 0 0 0 
63 194 174 140 228 61 33 22 0 0 0 0 0 0 
57 71 87 209 31 166 209 5 0 0 0 0 0 0 
21 47 130 213 240 155 159 195 0 0 0 0 0 0 
212 190 63 255 166 220 73 149 0 0 0 0 0 0 
147 44 63 214 247 171 250 236 0 0 0 0 0 0 
147 197 199 128 216 185 8 176 0 0 0 0 0 0 
75 191 5 100 37 142 233 126 0 0 0 0 0 0 
172 47 126 193 32 196 211 118 0 0 0 0 0 0 
224 181 102 123 124 241 97 86 0 0 0 0 0 0 
111 211 228 9 171 49 4 140 0 0 0 0 0 0 
179 247 182 183 195 160 24 242 247 238 159 211 81 225 
229 32 45 178 88 200 169 162 93 129 182 163 242 74 
30 83 84 43 222 118 250 116 234 101 237 138 68 34 
53 228 108 182 169 46 44 140 53 16 5 251 219 140 
23 38 232 166 167 51 147 13 236 117 242 170 229 236 
171 47 217 208 62 74 28 220 178 198 65 73 7 164 
50 150 199 78 179 126 54 101 145 67 3 88 204 229 
5 15 240 15 212 169 243 29 141 171 224 148 46 23 
197 10 11 144 98 71 10 112 67 74 77 21 105 18 
137 148 170 115 150 189 143 180 213 152 166 167 68 35 
32 118 235 135 82 84 149 28 242 31 171 158 255 215 
229 126 251 67 63 214 241 119 81 103 160 229 29 49 
107 202 191 145 136 237 7 30 123 101 36 0 66 49 
6 104 74 213 47 130 244 175 218 157 32 138 5 184 
75 88 207 120 28 130 115 181 18 81 59 151 45 198 
84 182 25 37 131 217 208 17 67 13 25 14 148 82 
45 109 234 172 186 30 222 3 148 155 30 38 187 229 
247 3 153 161 2 164 113 78 38 223 97 149 99 178 
6 123 148 152 207 130 248 121 77 189 16 143 128 46 
70 23 61 226 45 70 84 129 244 213 76 130 157 198 
44 41 100 100 179 215 89 193 150 97 171 250 215 201 
182 116 184 235 117 189 43 41 28 111 136 207 173 138 
214 127 213 158 164 174 133 240 183 162 122 6 15 91 
237 75 228 95 102 160 181 77 16 166 183 235 234 92 
46 12 121 124 31 104 96 14 124 176 180 142 70 230 
8 139 161 51 41 106 223 111 3 130 213 228 150 212 
22 56 223 83 221 196 80 202 121 165 151 150 234 219 
204 103 178 213 249 68 224 243 167 34 142 18 214 2 
41 30 109 223 59 73 210 157 115 26 92 0 207 144 
242 27 118 169 93 58 233 16 88 106 237 136 229 171 
172 23 47 252 134 213 240 225 174 96 254 146 34 184 
106 117 185 30 141 237 40 35 200 255 175 193 29 170 
222 218 105 211 97 89 6 173 152 14 88 189 133 248 
37 227 38 24 223 165 145 203 122 200 220 222 247 77 
90 16 116 14 102 3 110 47 206 211 198 46 148 128 
205 222 39 14 251 87 137 251 18 56 213 81 18 131 
180 226 171 217 52 130 141 29 248 232 180 37 1 19 
234 58 246 196 78 59 50 221 227 236 160 167 169 78 
116 250 126 9 162 83 34 24 61 153 51 21 69 204 
133 146 226 94 237 120 231 33 15 152 165 30 233 241 
178 182 48 103 163 44 75 71 104 247 59 124 3 22 
190 50 134 226 110 83 183 195 160 117 105 166 83 151 
11 9 81 171 223 182 247 106 216 8 195 207 246 255 
130 17 2 252 168 172 177 95 95 87 240 211 167 19 
90 16 228 220 2 92 242 206 247 116 78 141 57 89 
80 249 138 238 10 201 17 202 221 50 176 64 201 52 
95 1 39 23 27 123 125 107 140 41 137 244 179 12 
9 83 84 50 22 41 146 120 5 96 177 32 212 248 
122 10 183 11 140 195 55 114 250 88 20 182 197 203 
10 16 252 54 40 55 206 83 46 200 137 216 30 194 
32 242 80 2 209 132 227 183 199 219 187 48 1 247 
62 34 160 97 14 77 200 38 14 42 33 155 64 184 
178 254 186 236 157 213 156 249 245 152 234 243 187 73 
28 83 125 131 76 193 202 78 53 104 207 81 215 73 
0 6 114 139 154 229 183 85 9 26 208 116 77 163 
156 137 134 187 80 109 59 224 133 83 112 6 59 57 
179 217 57 156 201 136 161 221 0 0 0 0 0 0 
193 88 128 224 34 237 234 191 0 0 0 0 0 0 
246 25 200 11 236 113 164 139 0 0 0 0 0 0 
105 79 206 207 58 246 236 4 0 0 0 0 0 0 
74 178 142 37 191 165 30 114 0 0 0 0 0 0 
177 40 133 240 146 145 23 74 0 0 0 0 0 0 
78 215 238 27 229 213 115 71 0 0 0 0 0 0 
45 199 247 37 187 30 185 241 0 0 0 0 0 0 
217 111 129 216 59 114 70 126 0 0 0 0 0 0 
171 193 163 247 102 153 54 231 0 0 0 0 0 0 
166 218 237 231 207 174 140 113 0 0 0 0 0 0 
142 142 50 98 5 4 70 180 0 0 0 0 0 0 
190 231 102 129 130 176 84 180 0 0 0 0 0 0 
39 45 115 32 94 85 43 9 0 0 0 0 0 0 
164 251 19 114 161 40 142 93 27 81 135 69 18 120 
175 45 171 146 73 57 202 99 109 79 114 61 25 109 
77 71 126 188 200 107 108 147 168 116 190 79 238 99 
225 157 223 78 145 82 56 235 19 88 98 217 102 175 
204 157 31 89 84 25 173 27 106 161 201 234 12 54 
71 193 105 38 225 129 239 18 211 26 206 216 31 140 
141 89 221 96 42 132 181 5 188 35 129 31 68 56 
73 53 58 130 51 119 117 85 63 91 209 201 107 223 
93 170 232 159 89 156 242 225 241 172 153 63 39 217 
116 100 190 235 83 93 114 249 91 0 79 177 141 75 
169 91 14 137 149 249 125 233 6 155 112 78 252 66 
80 177 81 217 239 60 104 27 254 183 240 79 126 36 
116 231 222 95 115 34 116 112 31 138 183 174 121 30 
238 207 104 161 97 145 25 224 206 204 194 151 52 128 
253 42 134 155 239 12 120 188 95 235 230 217 76 199 
162 32 78 149 92 12 12 197 159 1 84 255 107 255 
118 240 152 54 147 118 167 238 20 224 27 140 251 48 
93 25 137 87 41 169 126 80 198 138 67 153 53 189 
114 198 59 217 167 175 247 136 106 165 64 68 186 168 
6 118 196 215 151 237 193 250 129 62 24 247 196 103 
67 174 192 193 250 178 49 192 166 43 151 51 70 25 
77 221 184 4 235 147 38 203 169 234 181 50 137 226 
221 186 250 35 190 83 105 138 60 8 118 13 87 218 
85 17 231 64 132 26 106 222 219 204 23 36 92 39 
233 184 119 238 230 38 119 159 105 154 252 86 112 19 
232 116 111 129 82 138 209 208 45 145 165 15 121 137 
166 26 127 224 67 178 51 207 141 119 147 234 132 105 
100 199 146 173 255 113 234 83 147 147 59 114 32 46 
209 244 182 160 57 11 156 118 31 32 0 73 129 49 
36 66 192 6 125 141 157 22 96 226 4 47 203 63 
244 14 71 101 50 118 247 127 213 194 13 126 221 243 
218 52 116 64 66 32 132 21 122 93 101 58 132 235 
22 14 150 183 121 228 0 212 106 200 247 254 231 184 
199 205 96 105 208 124 86 69 49 4 164 249 236 101 
243 28 220 124 67 121 103 84 136 76 231 161 195 147 
101 59 138 123 54 228 171 181 41 46 238 144 60 26 
31 174 15 201 102 108 100 214 73 71 86 255 202 63 
236 20 6 43 234 172 217 216 18 238 213 46 98 217 
6 17 252 144 148 209 14 19 168 150 164 155 65 96 
233 63 53 114 158 97 99 76 196 115 2 23 91 119 
161 51 40 136 91 169 121 213 195 76 119 78 215 27 
132 10 166 67 199 26 38 208 2 164 158 215 55 167 
225 25 96 63 63 230 188 75 25 176 150 83 113 119 
244 81 191 166 109 124 61 21 111 176 67 142 249 237 
135 98 75 10 103 43 29 5 172 217 84 229 85 107 
23 176 94 202 154 120 10 250 238 144 135 123 19 249 
122 53 241 181 139 121 136 192 40 202 172 215 83 40 
75 134 0 158 75 237 108 177 164 44 50 157 86 68 
92 99 242 80 197 154 22 129 36 70 47 40 120 103 
82 12 112 166 214 41 197 212 124 231 59 162 67 69 
229 69 231 83 17 169 162 133 218 41 250 212 64 198 
250 45 220 108 72 213 126 169 190 39 73 142 94 33 
192 39 95 48 96 185 2 4 134 80 42 221 48 235 
17 211 99 107 146 128 221 81 132 30 199 39 230 173 
34 244 153 24 122 199 7 66 127 199 34 152 49 245 
15 86 101 35 121 78 139 24 220 192 171 134 56 170 
236 89 70 59 191 91 152 252 0 0 0 0 0 0 
210 15 13 51 234 154 170 131 0 0 0 0 0 0 
240 171 100 227 241 85 216 64 0 0 0 0 0 0 
212 76 10 180 243 111 209 191 0 0 0 0 0 0 
93 252 11 147 155 45 79 11 0 0 0 0 0 0 
80 98 97 54 200 0 197 0 0 0 0 0 0 0 
62 68 193 253 65 212 254 8 0 0 0 0 0 0 
210 17 42 69 139 34 51 230 0 0 0 0 0 0 
238 64 67 129 128 201 227 88 0 0 0 0 0 0 
62 29 39 196 91 85 25 16 0 0 0 0 0 0 
215 187 95 140 9 158 20 50 0 0 0 0 0 0 
34 238 186 45 238 167 255 158 0 0 0 0 0 0 
235 28 144 79 96 205 156 214 0 0 0 0 0 0 
196 109 141 14 213 205 219 234 0 0 0 0 0 0 
69 235 170 202 148 79 67 185 248 72 242 61 113 215 
158 205 240 47 178 162 37 101 136 184 27 219 31 15 
105 122 239 80 37 245 73 170 157 173 97 64 211 162 
184 168 174 48 150 73 177 53 61 51 125 131 174 101 
43 235 173 58 89 211 111 245 45 224 213 212 166 18 
98 106 171 205 120 84 9 64 159 207 121 67 215 219 
248 7 171 236 209 99 170 174 119 12 119 190 234 2 
175 15 240 59 215 173 164 165 152 100 242 41 241 52 
144 203 195 189 3 220 144 104 171 161 146 199 135 27 
143 204 23 152 120 221 241 218 194 208 44 253 109 163 
163 26 166 209 33 31 83 69 124 129 221 22 180 65 
100 116 130 247 59 181 206 238 124 224 131 205 37 244 
153 11 194 133 28 80 232 172 101 218 211 24 114 168 
68 5 58 137 155 25 169 245 164 93 202 146 93 211 
182 86 255 250 142 4 162 178 124 71 91 0 126 30 
211 147 119 167 75 139 143 128 132 196 105 154 126 63 
53 20 198 212 199 36 118 68 21 114 227 240 32 253 
17 26 231 225 111 250 234 166 150 35 181 179 134 150 
224 217 196 105 144 2 134 229 230 81 238 134 224 196 
249 216 31 120 138 253 121 166 44 180 228 101 224 251 
16 26 41 69 118 196 54 213 169 186 16 178 170 254 
216 197 228 29 87 123 112 31 111 73 149 58 32 49 
202 220 153 74 54 166 224 46 216 36 92 199 174 88 
199 1 122 88 196 230 231 237 34 173 181 100 225 84 
67 68 202 93 135 206 188 215 168 182 139 173 165 251 
161 149 55 240 40 70 179 214 24 224 151 165 113 100 
131 202 69 188 248 192 220 21 50 251 57 179 49 124 
156 96 199 122 31 95 227 81 83 143 175 90 55 240 
40 226 150 139 10 90 195 141 1 102 4 36 13 7 
4 245 57 250 95 144 182 247 124 109 243 52 90 139 
13 217 233 196 244 255 110 201 152 98 176 10 248 2 
74 10 63 81 167 170 193 85 205 146 12 162 189 196 
251 76 127 93 173 55 195 26 3 71 173 253 255 124 
96 181 164 212 236 150 121 61 138 8 95 56 57 11 
183 220 119 142 42 83 17 108 107 23 121 150 121 41 
82 110 107 49 169 187 78 74 153 33 202 125 33 159 
13 22 185 65 243 25 250 222 14 209 111 49 94 62 
228 187 0 220 117 244 129 69 102 13 99 143 184 8 
55 225 128 157 192 113 56 156 38 94 204 248 106 169 
229 93 51 208 155 253 94 37 187 135 242 99 67 250 
90 150 245 65 65 189 126 75 237 42 204 155 93 220 
44 147 205 130 91 254 20 69 58 153 12 57 202 102 
91 80 46 62 198 17 100 9 71 102 175 105 221 81 
241 179 249 234 176 114 88 138 48 115 121 107 114 180 
176 137 22 223 108 69 241 249 229 61 137 80 28 115 
32 56 117 63 253 23 247 2 163 64 65 15 18 177 
59 4 160 214 110 49 230 85 70 130 208 249 196 249 
87 195 249 159 95 224 201 196 120 141 171 122 162 204 
173 14 84 135 174 210 252 50 124 228 112 42 24 66 
223 200 67 55 141 45 254 232 212 170 81 178 181 65 
26 56 227 96 249 245 157 55 13 103 140 196 87 141 
166 186 108 228 74 198 128 160 78 179 245 62 180 129 
62 177 138 80 141 199 135 85 184 58 97 182 193 10 
239 139 53 86 85 155 143 154 36 148 83 200 92 118 
223 47 147 211 183 8 141 15 84 39 77 144 183 138 
181 95 11 99 15 181 254 146 25 60 161 242 213 244 
15 95 135 209 132 233 71 230 0 0 0 0 0 0 
91 141 116 55 253 240 55 250 0 0 0 0 0 0 
222 229 15 229 240 182 191 149 0 0 0 0 0 0 
84 101 74 107 49 3 74 110 0 0 0 0 0 0 
96 194 230 148 149 176 173 85 0 0 0 0 0 0 
158 193 222 155 162 153 42 252 0 0 0 0 0 0 
178 111 128 238 193 1 181 230 0 0 0 0 0 0 
62 149 46 240 196 145 64 185 0 0 0 0 0 0 
175 5 213 105 8 251 137 250 0 0 0 0 0 0 
203 188 123 48 3 28 163 192 0 0 0 0 0 0 
24 117 167 55 172 144 105 193 0 0 0 0 0 0 
127 223 253 66 21 223 7 246 0 0 0 0 0 0 
209 85 222 50 27 96 202 31 0 0 0 0 0 0 
245 130 66 221 251 68 96 247 0 0 0 0 0 0 
82 197 30 103 166 228 41 125 231 112 33 255 21 106 
39 171 187 62 29 63 141 238 75 140 152 88 179 146 
29 251 119 216 102 105 42 240 4 172 50 222 246 196 
139 177 63 93 51 233 168 150 220 162 17 79 134 221 
61 138 222 195 191 91 31 147 63 170 93 224 187 118 
100 66 72 223 111 95 23 0 130 4 239 171 159 51 
173 198 165 19 215 185 130 249 230 18 68 68 219 208 
71 228 110 142 234 43 250 253 222 68 214 62 35 45 
11 122 98 203 189 63 90 22 123 145 95 238 71 111 
51 18 198 57 80 246 17 137 71 51 52 51 23 201 
209 174 75 239 226 108 214 103 103 31 214 212 98 199 
104 97 92 129 248 234 125 218 42 147 63 85 252 94 
59 159 60 155 68 191 148 74 106 124 8 149 173 214 
42 20 145 8 225 134 93 206 66 33 210 189 76 228 
5 239 48 208 215 76 56 163 149 22 45 228 65 77 
220 122 84 81 90 86 46 201 16 234 64 250 255 56 
143 160 62 177 66 56 219 115 73 164 204 10 165 229 
123 138 49 152 231 70 221 212 83 130 137 145 192 64 
152 171 53 191 208 242 171 132 5 182 31 199 55 247 
208 222 196 235 186 154 243 44 173 224 42 246 169 174 
235 244 180 242 119 9 114 122 231 131 22 102 61 99 
4 80 185 231 130 50 160 114 81 230 215 206 114 106 
113 84 31 219 144 70 4 212 188 197 247 89 245 209 
48 53 192 184 6 145 66 0 180 70 157 161 59 83 
75 55 209 100 53 142 182 245 148 218 15 124 104 27 
162 240 112 74 166 172 132 86 75 137 57 132 145 135 
153 126 13 205 71 4 137 97 19 38 35 146 251 230 
240 214 254 209 183 23 90 231 39 129 94 38 64 21 
15 145 217 241 223 171 95 1 155 51 210 127 68 39 
140 228 39 62 17 135 137 254 207 227 35 118 197 248 
19 118 86 252 175 183 93 231 160 205 184 168 229 184 
55 207 47 126 230 142 158 62 150 206 14 127 71 143 
143 135 102 181 253 195 146 241 103 125 187 169 207 180 
107 72 175 5 180 36 189 229 7 137 212 79 99 119 
158 184 120 167 12 111 152 80 94 138 157 94 149 11 
96 251 227 192 58 249 165 231 101 200 185 222 225 104 
246 108 59 106 3 12 142 144 28 56 237 67 66 242 
208 155 156 186 221 238 213 121 195 154 231 146 130 159 
222 248 177 82 34 105 111 125 218 206 162 157 8 41 
144 211 119 166 135 66 255 230 32 211 40 72 89 133 
218 96 0 66 174 203 35 60 159 211 98 210 172 120 
12 142 2 209 99 31 109 183 98 217 129 197 11 187 
49 106 218 136 126 194 93 87 183 135 205 146 222 185 
246 168 245 198 2 146 94 77 72 54 0 141 198 146 
104 61 128 120 109 168 112 13 199 231 180 119 119 252 
128 64 249 209 242 131 172 148 101 70 95 216 218 139 
225 222 51 104 4 144 149 152 36 192 243 70 65 108 
244 65 199 238 29 188 53 237 79 193 171 118 138 78 
135 209 178 241 86 169 179 59 10 230 153 235 163 137 
29 167 174 218 211 65 204 28 217 171 58 47 48 231 
90 132 118 57 212 81 182 12 91 171 3 109 239 146 
211 3 26 254 151 206 138 181 52 242 212 197 171 110 
74 179 170 121 103 189 194 190 249 188 78 248 0 176 
242 202 51 87 93 109 175 75 105 49 203 96 22 22 
190 6 215 186 56 214 31 154 206 68 132 22 129 78 
63 252 92 199 165 93 87 252 180 230 251 90 108 152 
42 58 241 87 116 80 242 99 0 0 0 0 0 0 
218 134 125 168 238 56 109 118 0 0 0 0 0 0 
78 182 123 229 61 202 212 164 0 0 0 0 0 0 
20 158 79 80 202 228 197 151 0 0 0 0 0 0 
78 113 91 149 167 25 114 59 0 0 0 0 0 0 
43 136 206 100 179 35 27 4 0 0 0 0 0 0 
101 255 32 144 21 121 131 252 0 0 0 0 0 0 
250 19 217 243 11 200 210 209 0 0 0 0 0 0 
94 90 144 6 197 213 62 7 0 0 0 0 0 0 
247 46 250 68 243 240 34 114 0 0 0 0 0 0 
80 38 124 154 198 74 109 120 0 0 0 0 0 0 
137 149 100 28 231 236 83 68 0 0 0 0 0 0 
6 47 81 246 164 229 63 59 0 0 0 0 0 0 
71 225 205 116 61 145 215 120 0 0 0 0 0 0 
149 153 38 3 248 206 76 58 96 135 118 246 205 198 
97 13 95 1 154 209 80 190 195 7 50 236 222 174 
196 152 183 40 244 36 190 203 82 93 242 26 221 67 
117 118 214 126 85 68 51 9 174 11 8 140 128 204 
68 205 119 138 79 13 12 148 238 97 54 179 34 203 
220 163 69 236 191 230 137 208 227 234 13 117 72 175 
248 131 185 35 73 179 233 114 216 161 85 126 163 75 
41 238 240 150 72 111 115 187 176 185 63 169 96 204 
116 248 6 103 226 63 71 192 117 43 172 191 45 188 
172 168 70 44 4 117 38 193 237 82 152 103 103 64 
174 32 238 33 192 213 102 124 31 87 44 165 203 166 
214 79 241 165 82 225 57 67 231 12 155 123 149 208 
66 115 103 102 185 166 120 116 228 15 61 183 196 172 
3 162 54 233 226 73 71 2 163 82 56 123 68 188 
166 55 64 137 219 253 183 209 20 72 51 159 83 23 
5 140 233 197 201 156 229 78 126 29 211 72 36 15 
83 22 149 214 225 192 121 22 157 22 139 2 133 26 
86 9 203 133 30 127 143 55 94 237 204 226 24 85 
244 231 236 73 72 49 74 221 49 143 61 134 175 2 
211 218 238 53 217 1 213 125 33 233 253 133 169 145 
255 71 171 178 230 205 240 215 9 16 114 184 106 16 
84 97 90 168 178 225 157 77 89 43 40 187 74 61 
55 99 10 243 230 172 12 206 187 154 51 78 180 44 
154 30 114 63 46 229 14 80 82 190 59 113 8 168 
62 155 196 195 158 94 10 172 74 237 157 98 68 74 
21 76 92 45 169 181 60 36 85 184 53 179 27 84 
184 47 89 127 232 220 163 134 204 190 162 194 102 213 
10 85 199 135 189 145 42 179 81 45 111 63 198 42 
180 241 151 108 58 201 223 70 198 37 45 165 86 7 
177 179 187 114 129 142 67 70 65 219 188 140 243 153 
202 156 154 202 53 227 220 40 206 215 75 50 148 120 
130 134 74 181 177 35 245 15 88 185 26 98 121 72 
198 67 194 138 227 22 106 39 149 253 166 217 221 250 
102 78 115 251 16 216 125 38 251 36 201 18 39 48 
49 86 8 204 45 178 226 70 102 202 250 125 220 159 
253 242 131 25 27 242 5 189 129 187 208 42 49 76 
127 116 211 100 240 62 22 65 134 173 127 195 65 193 
249 163 78 163 72 230 38 174 40 59 142 203 153 160 
125 229 138 116 170 54 30 107 36 83 254 47 236 61 
71 219 249 136 114 156 240 86 182 246 1 189 18 234 
87 52 180 32 192 218 184 161 222 182 113 87 177 198 
149 45 28 136 155 124 83 72 131 44 107 104 75 60 
128 137 235 109 215 242 133 89 52 224 36 201 150 83 
38 66 149 199 129 105 40 103 205 1 173 120 9 10 
232 234 135 198 177 78 166 193 167 96 243 105 202 30 
183 173 19 209 206 242 38 82 93 48 178 204 101 102 
120 160 185 12 223 124 42 50 219 109 49 110 108 115 
85 190 148 253 34 44 66 139 49 91 49 218 128 74 
78 113 144 50 224 34 128 129 175 144 173 142 186 187 
228 97 42 167 65 96 107 203 232 41 246 184 215 186 
12 233 33 123 191 181 38 217 150 38 80 220 147 60 
136 249 155 22 18 56 46 157 46 135 82 54 218 232 
44 191 0 245 166 29 97 121 110 72 15 202 130 64 
42 189 136 118 109 85 23 155 200 135 191 89 61 82 
222 66 57 11 1 98 118 134 217 183 104 53 101 65 
100 233 245 174 62 203 127 129 249 15 235 181 149 179 
201 190 253 75 114 57 104 200 0 0 0 0 0 0 
34 249 55 133 137 236 86 112 0 0 0 0 0 0 
109 190 26 137 19 192 152 162 0 0 0 0 0 0 
183 63 231 150 53 171 225 191 0 0 0 0 0 0 
204 190 146 142 253 36 77 191 0 0 0 0 0 0 
96 235 17 251 209 188 226 109 0 0 0 0 0 0 
23 87 3 162 190 221 136 71 0 0 0 0 0 0 
202 110 15 20 230 237 144 56 0 0 0 0 0 0 
159 132 180 246 19 210 251 86 0 0 0 0 0 0 
7 223 24 90 77 153 230 220 0 0 0 0 0 0 
10 232 228 4 82 212 146 150 0 0 0 0 0 0 
128 176 202 181 90 161 113 178 0 0 0 0 0 0 
16 26 167 0 108 51 158 244 0 0 0 0 0 0 
55 74 18 184 101 63 112 31 0 0 0 0 0 0 
160 50 34 248 60 117 44 233 52 149 147 184 138 145 
92 90 126 49 219 228 178 176 68 215 208 151 150 51 
223 199 124 197 106 51 233 83 58 100 156 167 79 91 
229 133 0 253 38 34 154 52 153 113 101 27 61 113 
18 41 239 108 167 170 123 35 170 23 116 199 25 114 
255 214 225 7 49 70 47 212 28 239 55 217 192 210 
76 113 59 243 224 74 121 182 73 120 141 207 135 251 
220 110 79 169 162 100 22 224 233 91 93 23 178 84 
181 255 153 11 220 150 191 224 129 42 98 179 163 187 
189 227 89 136 215 176 120 153 123 134 33 180 168 101 
97 226 177 151 91 197 158 172 185 141 239 167 125 58 
238 147 142 134 35 13 236 104 41 215 26 155 0 242 
202 96 54 85 197 142 183 73 77 200 197 75 97 16 
222 139 180 68 33 51 99 153 188 180 107 198 176 15 
87 99 60 107 120 235 75 34 246 80 184 182 209 146 
214 232 208 248 197 161 244 38 157 196 1 188 95 79 
147 191 168 22 207 157 71 150 80 64 43 219 23 167 
97 179 17 34 142 253 23 132 236 247 77 151 123 162 
218 88 245 186 172 214 63 238 236 65 245 16 153 153 
247 24 29 237 113 144 51 65 163 65 2 207 143 43 
117 61 154 212 51 0 130 1 197 23 62 131 45 132 
38 80 251 77 112 138 197 71 58 197 16 67 134 1 
131 130 66 73 32 79 93 212 58 24 246 92 209 223 
82 216 94 77 12 4 157 62 79 58 100 56 28 120 
165 134 166 204 192 74 51 67 64 244 38 158 37 130 
26 31 168 95 235 243 33 28 140 25 107 43 255 144 
96 89 3 101 137 117 49 199 62 157 237 54 128 210 
203 205 253 66 133 173 163 78 151 102 162 52 3 248 
129 38 9 177 168 116 158 174 43 159 144 135 12 166 
247 188 9 68 213 37 156 161 157 247 24 104 78 50 
84 229 34 212 194 180 114 197 116 72 8 124 108 161 
181 90 59 255 77 207 44 12 23 245 78 202 17 204 
24 30 179 222 169 26 58 17 166 2 46 48 16 216 
138 149 51 77 203 148 145 169 197 204 167 62 120 62 
208 90 105 70 55 134 123 92 115 8 97 200 132 222 
220 63 82 62 41 60 160 123 247 59 111 186 70 58 
12 225 230 162 159 99 119 99 174 226 133 32 59 94 
181 59 113 192 143 71 79 16 242 92 183 106 222 122 
126 223 111 246 58 5 30 78 92 16 51 139 226 0 
135 138 66 88 115 58 87 113 48 60 61 219 190 142 
54 178 79 21 11 59 171 100 110 209 148 193 94 116 
250 242 199 98 171 137 229 166 181 250 92 195 24 67 
223 61 73 139 139 208 227 77 148 64 219 235 249 141 
126 151 232 214 204 48 106 227 3 49 214 89 35 156 
226 247 169 191 1 56 43 162 102 62 242 74 15 8 
161 58 61 84 37 90 154 140 218 43 39 118 192 173 
142 60 232 155 92 53 44 74 151 27 221 231 63 238 
119 12 228 232 255 18 9 203 65 82 231 231 59 203 
29 137 106 9 173 159 37 137 19 9 181 95 77 201 
190 250 22 58 143 59 103 60 224 125 57 62 179 192 
16 219 69 215 24 146 203 77 158 71 207 192 160 248 
167 204 82 161 32 56 80 209 34 172 215 10 174 42 
172 174 206 213 138 181 31 143 205 161 212 46 117 115 
243 150 29 49 123 162 77 38 212 254 78 107 253 172 
10 42 218 35 14 160 228 224 158 36 123 170 187 180 
43 185 212 101 84 136 233 97 213 48 87 53 176 176 
47 103 188 184 225 192 220 191 0 0 0 0 0 0 
43 56 44 111 104 128 31 172 0 0 0 0 0 0 
254 183 253 152 78 233 49 236 0 0 0 0 0 0 
230 17 215 225 213 93 31 197 0 0 0 0 0 0 
252 112 84 174 135 231 214 91 0 0 0 0 0 0 
126 61 239 125 206 203 91 103 0 0 0 0 0 0 
26 137 93 222 84 8 65 71 0 0 0 0 0 0 
141 65 6 4 97 70 219 72 0 0 0 0 0 0 
80 48 31 167 78 157 27 82 0 0 0 0 0 0 
231 76 194 177 128 151 95 64 0 0 0 0 0 0 
239 177 130 41 111 26 244 197 0 0 0 0 0 0 
32 2 248 171 195 233 195 251 0 0 0 0 0 0 
158 129 101 81 79 101 156 252 0 0 0 0 0 0 
31 226 227 10 63 105 112 61 0 0 0 0 0 0 
20 202 71 212 184 59 166 64 81 33 249 32 222 124 
204 122 19 190 163 233 186 61 154 249 130 94 179 170 
138 13 18 32 192 122 214 92 147 5 56 181 4 172 
206 154 32 202 253 36 165 232 86 87 82 176 216 51 
248 150 69 203 243 130 66 250 114 115 196 45 118 104 
76 106 151 123 191 9 2 83 162 153 223 27 247 26 
198 130 81 59 72 127 234 143 119 170 47 16 83 1 
40 175 63 189 20 42 231 52 249 29 137 36 215 138 
4 55 148 98 234 114 68 168 228 66 9 130 244 167 
25 32 234 160 107 113 220 210 125 4 142 69 80 215 
203 215 214 82 209 220 251 182 148 31 221 87 21 158 
19 148 121 43 18 149 29 17 218 223 137 64 107 114 
150 38 200 68 99 236 168 93 214 216 45 155 237 232 
169 194 228 184 228 17 231 15 47 240 251 247 139 97 
65 118 97 76 127 64 217 145 177 128 70 75 216 52 
108 31 237 252 118 129 71 239 161 133 195 131 237 41 
54 43 17 112 210 189 187 82 11 109 2 80 224 58 
40 32 131 184 40 58 87 230 80 253 84 189 162 104 
203 101 0 99 86 162 14 99 103 228 162 103 253 44 
44 213 189 140 234 127 243 239 25 27 155 67 185 167 
34 189 220 133 193 152 18 54 13 160 245 20 7 212 
36 141 174 111 183 111 126 205 68 202 72 165 201 158 
228 241 24 161 211 246 82 48 215 143 161 84 240 189 
2 249 228 235 55 238 57 65 44 36 80 215 227 155 
124 53 82 91 216 80 76 85 241 168 4 139 198 61 
190 183 197 78 189 120 231 116 132 130 211 226 21 212 
86 254 169 30 37 134 10 120 153 51 17 248 178 6 
32 112 248 98 85 122 119 245 156 21 6 24 244 65 
168 122 244 94 254 30 6 252 74 55 12 16 139 197 
95 184 90 111 29 142 232 85 252 5 151 220 251 28 
230 107 83 36 103 164 98 43 133 249 15 78 64 107 
122 61 28 125 200 103 191 58 64 57 140 161 225 180 
186 113 24 120 88 128 184 201 122 147 221 31 34 172 
180 136 203 36 61 190 77 147 56 228 64 242 164 252 
133 32 173 54 194 88 1 197 171 189 1 128 66 79 
10 245 72 235 197 191 192 177 121 1 48 239 38 188 
4 12 30 129 125 90 97 217 10 61 185 198 173 181 
39 175 91 83 191 199 148 76 24 33 141 134 50 187 
120 255 89 16 170 175 169 31 152 157 182 107 67 200 
136 153 110 112 6 153 145 85 77 226 124 130 93 116 
188 156 111 253 12 102 210 25 1 84 218 90 156 104 
166 205 93 254 87 18 214 76 26 233 97 43 237 80 
7 152 193 200 248 150 236 65 221 8 11 46 183 240 
104 5 28 213 89 206 94 47 107 57 192 42 158 68 
88 143 152 250 63 237 141 167 194 104 31 112 227 0 
129 177 171 216 159 105 158 165 231 203 186 27 87 213 
135 122 78 202 182 219 255 237 106 64 54 20 163 170 
164 67 129 5 121 132 206 255 191 183 141 234 119 218 
175 105 134 14 9 127 119 251 17 194 21 20 197 49 
154 167 204 241 253 216 107 158 88 130 3 196 173 165 
38 73 101 194 168 96 49 100 63 12 19 154 235 78 
72 1 14 151 196 189 170 179 0 186 7 17 254 248 
128 244 172 47 7 186 209 212 75 189 179 182 75 253 
48 249 54 80 174 185 216 116 244 193 67 225 4 19 
135 192 219 160 216 75 191 254 207 251 72 128 107 208 
253 155 209 73 170 156 198 210 103 46 205 237 54 81 
32 144 134 76 42 103 75 30 0 0 0 0 0 0 
68 198 242 240 233 3 103 62 0 0 0 0 0 0 
78 86 160 180 26 90 251 134 0 0 0 0 0 0 
255 58 240 137 108 2 179 230 0 0 0 0 0 0 
241 65 97 25 50 115 164 141 0 0 0 0 0 0 
189 198 159 238 93 147 56 244 0 0 0 0 0 0 
96 90 39 206 88 205 53 152 0 0 0 0 0 0 
149 100 251 65 31 124 65 86 0 0 0 0 0 0 
9 102 173 36 21 199 131 143 0 0 0 0 0 0 
37 175 189 119 5 143 61 55 0 0 0 0 0 0 
83 212 9 122 175 48 132 52 0 0 0 0 0 0 
119 151 220 174 116 150 125 145 0 0 0 0 0 0 
119 40 172 202 74 244 145 233 0 0 0 0 0 0 
228 152 22 5 12 213 7 74 0 0 0 0 0 0 
136 228 100 17 243 18 118 38 44 142 85 136 49 86 
209 203 150 27 65 241 19 142 75 49 41 26 237 137 
183 165 94 42 81 27 209 187 31 71 122 1 35 40 
112 25 159 43 230 247 133 186 189 182 205 42 245 86 
243 168 3 140 203 72 139 27 129 69 239 6 20 159 
149 105 140 101 93 219 72 12 142 55 110 156 40 123 
161 71 65 88 83 250 22 110 202 243 176 201 6 48 
84 250 227 184 32 194 72 89 156 187 93 42 202 229 
168 236 166 223 159 237 211 87 130 92 237 60 83 56 
149 40 149 199 164 20 0 80 235 186 164 146 107 24 
127 178 147 106 126 23 125 249 210 80 188 93 123 95 
96 5 226 31 229 90 167 244 106 47 109 75 240 134 
211 35 10 17 192 159 54 12 170 152 94 132 145 15 
97 183 133 52 44 212 149 214 0 122 173 1 221 170 
0 55 3 108 121 51 162 206 191 124 15 126 210 18 
215 191 40 251 31 125 252 133 0 84 105 41 121 68 
88 252 91 189 107 172 200 8 179 17 107 8 48 43 
117 122 141 215 126 172 135 57 232 190 226 124 180 178 
48 79 131 86 78 244 208 106 73 247 250 219 33 86 
252 20 43 168 244 118 151 190 84 193 108 190 30 245 
14 105 7 178 50 77 205 122 26 119 88 134 200 230 
35 45 169 64 155 96 57 204 195 197 122 137 156 90 
244 143 16 129 232 78 187 55 201 122 83 89 151 20 
129 141 36 48 150 65 23 0 229 174 66 138 109 212 
80 150 121 66 56 164 205 251 118 135 117 136 9 63 
52 34 120 94 252 122 0 182 196 83 137 144 142 173 
132 121 117 2 166 234 86 114 198 217 52 95 226 69 
207 181 195 98 249 241 178 163 45 183 170 110 106 6 
72 122 177 245 78 196 94 37 34 90 216 162 194 62 
112 229 140 77 15 186 56 111 71 169 124 169 24 176 
66 188 226 251 79 38 201 127 144 69 229 184 7 24 
158 160 224 134 186 165 109 60 56 139 91 210 23 82 
0 169 215 18 228 211 105 44 165 91 216 162 66 64 
170 166 80 17 81 119 236 23 97 49 240 6 218 213 
168 215 58 154 190 110 114 147 152 73 110 208 55 105 
107 119 39 33 14 151 98 24 98 231 78 65 103 104 
215 233 82 26 73 230 250 141 167 80 143 110 243 39 
166 204 46 179 67 200 39 75 26 124 90 156 41 234 
114 235 241 204 196 34 45 46 107 47 191 101 104 16 
20 234 89 136 159 198 37 228 43 34 242 193 185 0 
15 202 252 46 231 177 18 147 188 21 38 118 142 246 
171 193 175 222 181 157 254 63 200 2 85 40 228 241 
31 109 47 110 51 132 105 236 19 232 113 182 193 153 
90 253 130 209 209 106 134 10 224 240 34 93 137 143 
54 166 178 161 188 73 146 223 118 161 168 209 102 175 
171 74 87 250 91 162 248 131 108 220 249 237 223 246 
36 118 189 130 77 166 21 33 83 52 73 29 55 30 
94 221 188 97 52 158 7 214 116 72 187 52 28 219 
48 83 155 206 183 27 196 121 2 40 178 104 19 122 
236 155 29 26 58 37 131 253 57 225 155 17 233 205 
18 187 43 107 129 117 81 27 221 157 100 57 38 49 
198 166 113 16 107 105 242 240 72 229 173 136 95 26 
166 113 185 199 225 82 95 82 114 8 90 178 88 147 
192 31 71 95 142 254 214 62 94 94 103 159 47 64 
54 214 93 85 68 179 41 48 78 12 242 136 86 227 
182 155 9 104 31 151 55 104 146 28 110 242 13 42 
69 206 60 151 230 50 132 226 0 0 0 0 0 0 
87 200 203 71 37 77 166 24 0 0 0 0 0 0 
242 121 139 113 114 214 229 232 0 0 0 0 0 0 
92 56 178 242 32 100 230 206 0 0 0 0 0 0 
91 118 247 101 74 44 148 10 0 0 0 0 0 0 
216 123 46 86 94 172 168 187 0 0 0 0 0 0 
101 156 232 16 221 22 131 236 0 0 0 0 0 0 
100 86 75 235 222 204 93 57 0 0 0 0 0 0 
99 196 92 50 80 188 127 161 0 0 0 0 0 0 
160 218 175 8 204 228 56 175 0 0 0 0 0 0 
171 232 147 243 80 242 34 40 0 0 0 0 0 0 
248 128 1 162 138 227 212 133 0 0 0 0 0 0 
184 93 90 55 123 175 92 7 0 0 0 0 0 0 
174 4 146 192 248 159 31 224 0 0 0 0 0 0 
115 164 171 80 92 150 198 181 42 237 199 127 221 169 
188 147 38 30 36 222 246 18 220 251 23 215 229 232 
81 149 225 63 181 76 12 252 38 144 67 71 164 97 
115 84 91 111 121 97 14 104 89 198 154 186 17 133 
221 52 90 152 52 120 172 22 0 178 114 138 65 224 
221 233 199 159 154 222 149 229 248 244 3 76 247 43 
18 188 48 246 149 151 130 223 54 14 241 101 243 35 
7 157 22 217 79 223 242 240 64 75 120 48 218 223 
219 91 115 235 140 30 103 49 67 102 96 251 255 50 
249 178 225 48 70 203 103 194 132 85 221 196 179 80 
194 238 246 224 181 125 63 5 213 184 182 215 34 161 
45 163 202 136 197 106 95 139 214 42 108 135 97 226 
12 178 138 219 237 8 117 123 99 115 246 49 110 244 
190 172 69 179 29 171 133 212 190 108 6 181 159 238 
172 173 117 202 118 65 242 81 38 57 83 60 186 151 
136 110 64 167 75 213 235 55 95 13 232 151 196 22 
135 31 46 191 217 131 198 170 55 117 107 35 163 243 
254 102 162 156 60 106 13 13 83 199 80 215 67 125 
174 243 247 3 94 81 35 28 132 164 195 41 30 235 
18 211 150 132 195 124 215 253 20 70 185 151 7 48 
125 136 205 212 37 72 197 35 235 165 217 15 206 159 
167 153 29 157 126 43 9 131 255 229 159 146 40 201 
94 75 191 132 98 31 133 91 106 121 80 183 119 87 
69 56 211 188 157 29 228 153 230 114 229 232 33 57 
90 86 157 54 43 130 68 121 40 91 24 104 83 225 
243 124 100 148 243 106 224 62 108 81 214 226 94 49 
11 252 13 137 181 219 66 51 245 208 12 242 201 217 
200 87 194 48 203 186 37 52 15 222 202 249 148 196 
154 140 52 90 198 65 146 129 215 91 213 14 205 218 
53 201 122 240 211 204 129 155 195 159 217 23 3 68 
29 40 27 255 220 186 160 152 168 217 51 189 129 133 
108 249 12 140 98 117 174 244 48 73 40 181 215 119 
216 43 46 40 98 34 178 90 97 15 172 129 213 240 
60 82 154 60 96 46 206 105 37 43 164 182 139 73 
10 151 206 54 89 189 235 106 196 127 36 59 76 223 
221 203 251 214 196 44 119 12 84 182 155 107 141 106 
32 152 137 187 244 254 160 163 206 233 189 16 173 89 
216 167 76 113 188 215 105 25 145 120 118 51 87 138 
25 5 171 20 71 78 47 244 163 68 225 129 43 232 
68 127 201 10 44 20 173 221 140 163 10 168 101 43 
107 198 50 248 95 175 49 43 232 173 196 116 6 192 
175 127 90 106 214 197 97 209 61 205 169 249 229 150 
254 0 168 190 11 86 104 7 254 18 13 182 213 51 
130 100 148 185 123 131 119 0 198 114 170 24 98 50 
210 112 103 190 127 176 90 132 56 124 90 216 254 214 
124 207 87 253 169 66 177 221 175 14 227 22 142 51 
27 156 190 198 254 173 28 146 87 179 239 82 36 174 
26 37 146 137 50 181 58 233 234 101 131 106 67 55 
123 169 241 219 239 180 180 117 128 92 147 171 46 162 
105 243 111 70 223 164 250 75 255 125 46 122 200 128 
222 3 144 78 4 122 121 200 47 119 103 199 95 248 
117 190 14 14 100 186 182 2 68 38 79 103 22 4 
192 186 224 56 203 161 194 54 4 53 209 224 106 118 
223 108 184 171 46 41 131 37 246 223 200 152 55 142 
236 210 184 232 170 68 0 37 252 204 221 120 227 104 
50 226 207 31 252 141 249 106 7 248 101 118 83 36 
150 201 145 184 5 65 51 163 0 0 0 0 0 0 
46 0 79 195 4 186 141 37 0 0 0 0 0 0 
102 184 210 189 128 37 178 48 0 0 0 0 0 0 
238 167 69 177 211 146 214 136 0 0 0 0 0 0 
55 7 103 158 244 177 30 130 0 0 0 0 0 0 
108 12 62 42 247 207 217 61 0 0 0 0 0 0 
143 127 248 132 169 239 224 3 0 0 0 0 0 0 
11 209 57 172 145 81 84 1 0 0 0 0 0 0 
89 75 149 255 81 84 207 138 0 0 0 0 0 0 
217 61 216 83 84 132 140 18 0 0 0 0 0 0 
14 56 253 100 119 60 188 255 0 0 0 0 0 0 
133 3 241 54 187 104 36 216 0 0 0 0 0 0 
79 223 96 26 86 91 113 225 0 0 0 0 0 0 
17 67 224 17 255 208 174 192 0 0 0 0 0 0 
168 61 14 163 131 56 72 60 156 240 191 147 242 101 
28 65 242 152 155 98 86 222 99 77 3 237 116 0 
154 125 251 220 230 227 154 212 88 238 94 113 238 158 
67 161 111 87 0 17 52 16 77 147 138 218 44 38 
206 156 86 6 178 99 33 244 228 248 57 175 98 90 
201 172 8 198 205 6 89 173 235 250 195 45 33 135 
119 233 47 143 83 195 38 196 229 210 210 45 44 22 
63 153 185 199 235 77 21 107 120 98 83 113 230 216 
98 67 17 86 152 96 54 161 43 90 183 202 27 49 
184 74 83 58 104 69 56 169 2 168 6 129 132 117 
230 146 26 71 224 173 118 4 30 140 23 134 161 49 
121 78 206 161 111 224 156 75 150 35 156 167 238 23 
92 84 138 8 212 247 121 97 185 135 212 168 10 4 
18 200 1 165 157 208 40 138 224 18 8 168 221 141 
115 166 132 150 100 118 84 133 147 4 97 49 254 78 
248 197 206 124 55 102 114 194 191 208 94 208 143 3 
71 179 170 242 85 155 138 236 136 39 144 139 224 88 
113 182 155 202 233 162 156 126 242 159 45 68 140 173 
158 56 46 137 80 141 70 132 79 175 172 77 155 158 
70 70 113 172 226 249 217 107 151 68 91 195 101 40 
51 204 39 143 73 159 216 61 20 167 62 31 148 229 
113 216 53 176 113 160 101 232 81 201 118 129 19 82 
149 208 103 229 209 178 17 118 105 114 24 229 95 15 
188 194 239 170 92 108 67 73 229 127 129 80 87 251 
253 205 105 154 39 217 119 201 151 170 201 188 76 64 
204 180 119 189 46 114 49 19 192 225 28 26 132 0 
156 219 201 110 209 252 245 197 116 9 142 9 131 4 
161 0 146 65 243 144 1 46 254 89 40 83 194 92 
170 154 166 85 49 192 139 26 244 163 173 155 245 67 
147 168 169 255 17 72 12 196 216 178 183 82 232 228 
186 207 93 46 10 183 255 170 126 69 198 202 24 120 
80 27 183 205 3 3 115 253 72 251 192 62 29 5 
94 227 52 91 94 70 26 228 170 118 77 58 68 114 
245 180 76 165 168 61 76 187 117 96 100 107 90 28 
88 55 202 87 40 132 180 255 173 6 83 219 230 189 
104 124 181 61 59 215 57 137 239 147 157 54 132 176 
124 48 177 136 61 88 97 223 91 93 109 19 214 63 
167 193 177 224 182 154 245 46 174 221 34 229 143 136 
96 117 70 155 61 243 133 187 94 53 9 160 196 61 
56 211 120 209 133 60 158 83 3 86 245 134 178 34 
148 58 255 236 7 88 233 192 230 99 63 130 51 91 
9 178 63 151 163 74 117 11 245 27 100 184 1 36 
12 217 51 160 168 213 173 185 129 141 101 144 151 3 
172 169 66 223 234 200 228 164 112 177 207 49 64 99 
178 143 214 80 195 249 186 204 249 9 194 238 84 189 
158 144 132 32 13 244 123 76 13 104 4 136 158 237 
206 94 42 60 155 78 94 211 181 11 222 55 28 149 
150 179 89 112 225 148 112 94 69 14 161 229 194 33 
167 236 213 169 176 51 121 202 110 174 209 32 226 95 
227 67 250 47 9 178 81 14 17 130 137 78 249 179 
214 35 174 254 157 17 227 155 192 220 117 20 65 131 
55 5 90 157 54 142 13 26 30 128 169 1 239 219 
209 74 112 9 223 185 96 155 50 237 149 241 202 231 
124 106 146 158 53 254 163 203 30 68 229 170 57 59 
2 48 237 65 51 204 20 19 208 84 168 210 218 202 
12 159 197 103 109 190 67 227 135 22 121 152 90 167 
89 36 235 53 139 117 123 36 0 0 0 0 0 0 
3 136 89 222 128 167 186 34 0 0 0 0 0 0 
240 181 212 22 66 33 121 20 0 0 0 0 0 0 
29 214 192 131 200 53 115 43 0 0 0 0 0 0 
172 103 208 237 198 101 209 17 0 0 0 0 0 0 
234 4 88 206 77 189 7 19 0 0 0 0 0 0 
223 171 10 68 162 107 231 94 0 0 0 0 0 0 
162 239 195 68 156 242 109 55 0 0 0 0 0 0 
100 106 30 8 176 157 88 106 0 0 0 0 0 0 
46 80 168 159 157 9 75 204 0 0 0 0 0 0 
16 13 167 165 207 238 200 40 0 0 0 0 0 0 
88 57 132 227 252 121 1 60 0 0 0 0 0 0 
169 126 82 45 22 23 54 124 0 0 0 0 0 0 
105 133 230 114 17 172 43 117 0 0 0 0 0 0 
62 72 8 198 200 88 189 64 40 189 71 15 92 119 
127 224 96 41 98 51 195 60 197 134 168 81 170 219 
97 190 251 159 51 63 75 223 130 190 25 28 79 57 
249 103 117 140 20 116 21 94 184 139 62 57 229 170 
234 19 154 71 227 52 5 27 64 59 212 212 2 38 
155 202 30 63 213 136 0 229 223 151 179 220 187 246 
231 97 172 208 213 194 160 119 79 47 33 43 86 170 
24 150 226 228 131 167 57 33 70 145 233 55 99 84 
181 116 11 194 223 172 112 116 254 89 202 155 19 122 
3 21 224 142 70 48 116 58 170 236 41 135 47 74 
155 116 95 228 139 220 94 155 25 97 250 110 67 2 
126 198 25 222 126 97 238 141 168 164 236 229 250 145 
69 238 184 107 205 168 196 231 219 104 84 105 110 44 
80 203 37 7 23 254 101 243 79 35 22 207 248 56 
166 51 102 133 218 172 68 233 227 123 248 162 193 158 
13 102 16 49 243 124 246 136 90 148 94 224 66 172 
100 86 152 178 43 141 94 39 112 193 161 154 50 242 
240 29 156 211 42 10 219 4 238 0 163 63 59 255 
9 114 41 247 162 245 181 172 161 92 166 70 5 169 
55 37 103 167 140 190 229 169 178 168 52 252 169 228 
46 236 234 49 201 186 11 197 241 149 185 103 165 124 
242 38 216 240 84 239 167 100 15 144 206 178 36 10 
25 55 28 17 92 72 26 28 149 206 14 157 195 201 
254 117 213 72 245 4 157 232 13 52 133 40 69 5 
51 94 11 193 10 108 111 157 125 150 113 150 141 221 
18 231 117 38 98 145 26 101 219 228 231 77 125 224 
106 240 134 245 4 124 35 195 36 12 69 150 200 162 
55 157 19 63 202 92 158 54 206 12 154 31 66 173 
128 175 116 22 221 18 252 227 16 202 89 6 23 215 
70 57 171 197 176 146 149 224 154 237 0 251 6 73 
98 9 113 32 159 118 44 75 89 223 101 115 144 70 
245 130 17 8 207 207 111 25 50 36 87 51 31 131 
252 198 205 219 183 42 251 242 216 115 142 238 93 162 
83 160 113 112 68 149 11 78 6 219 117 124 152 113 
244 21 231 113 189 209 182 115 18 153 17 130 244 110 
79 217 145 94 41 217 87 138 91 178 118 143 231 99 
246 146 230 57 211 253 254 30 165 220 10 120 109 49 
142 9 159 118 184 140 25 137 3 175 181 61 111 116 
15 172 58 65 75 222 132 195 36 46 107 97 153 155 
221 221 72 133 253 23 60 211 69 249 89 202 182 133 
236 111 241 61 24 76 160 220 201 46 211 129 255 21 
7 248 40 63 229 194 127 194 52 126 70 54 245 42 
139 125 244 56 146 73 165 239 110 106 44 251 31 224 
236 23 243 166 89 53 96 4 71 83 79 99 182 114 
27 152 69 169 78 186 118 10 253 217 36 103 42 245 
200 86 148 235 194 130 146 91 69 183 25 213 80 245 
133 207 71 181 226 149 150 174 163 64 74 139 202 207 
176 251 252 89 188 204 48 146 153 237 54 28 71 95 
250 158 99 81 111 199 95 64 114 253 232 61 2 64 
238 110 203 238 191 37 9 82 233 181 159 143 108 31 
12 71 41 250 3 139 218 57 239 68 129 236 208 114 
114 146 252 217 79 136 171 223 78 31 122 135 110 87 
239 28 172 37 16 245 91 204 206 234 168 143 41 252 
158 106 81 186 13 179 20 151 165 165 0 30 102 65 
140 43 186 1 201 217 250 243 140 141 191 233 211 70 
127 155 38 200 41 241 200 86 67 56 219 214 207 112 
135 91 165 172 184 17 0 204 0 0 0 0 0 0 
190 194 167 147 175 35 24 180 0 0 0 0 0 0 
79 194 212 14 248 25 251 36 0 0 0 0 0 0 
42 87 229 60 195 227 3 140 0 0 0 0 0 0 
99 77 86 68 225 245 70 158 0 0 0 0 0 0 
13 247 198 35 180 35 22 55 0 0 0 0 0 0 
254 70 30 144 162 92 200 236 0 0 0 0 0 0 
143 165 72 97 216 148 125 124 0 0 0 0 0 0 
28 21 165 21 172 178 112 45 0 0 0 0 0 0 
106 207 174 48 123 185 16 170 0 0 0 0 0 0 
145 112 33 44 24 110 182 120 0 0 0 0 0 0 
22 77 80 133 84 38 99 114 0 0 0 0 0 0 
9 228 160 3 216 228 241 198 0 0 0 0 0 0 
95 70 204 153 85 168 58 179 0 0 0 0 0 0 
255 36 236 95 132 100 7 117 181 209 207 184 148 106 
172 122 159 4 145 45 192 51 110 89 218 220 69 253 
228 197 224 123 224 87 38 151 242 125 130 72 24 56 
49 175 192 142 63 253 238 60 14 140 221 43 157 92 
88 126 41 223 41 142 152 205 183 220 196 249 1 102 
236 157 3 133 140 127 199 203 244 170 84 90 38 29 
135 6 168 52 114 43 38 43 3 117 73 72 57 228 
97 43 206 242 64 94 245 174 47 34 46 250 48 119 
199 143 12 70 69 16 177 46 144 222 34 98 167 249 
229 25 110 205 30 72 52 201 240 144 146 221 90 241 
8 199 98 31 72 37 252 23 189 55 204 196 103 254 
214 138 235 35 89 180 94 126 60 192 50 186 128 172 
182 202 20 27 105 132 245 68 249 156 180 202 102 16 
109 165 124 89 165 200 41 49 71 212 63 241 81 200 
68 40 31 49 102 197 88 37 53 144 61 70 177 135 
238 253 20 27 250 152 221 178 255 171 159 194 253 55 
243 142 83 137 120 105 163 110 19 217 8 233 194 222 
142 92 238 108 255 205 0 190 49 128 211 81 36 115 
174 98 9 45 84 7 206 49 183 234 80 114 216 9 
170 51 32 218 201 84 227 224 176 190 112 46 97 113 
18 137 20 120 127 240 147 49 145 123 184 15 72 44 
119 216 66 93 209 70 101 212 60 70 152 220 185 214 
96 228 140 97 107 178 62 22 68 206 189 24 233 54 
137 11 94 107 25 81 251 254 66 177 48 170 5 41 
208 37 70 122 9 60 90 171 120 8 163 145 27 136 
103 215 37 122 252 213 44 40 243 180 147 184 75 116 
80 173 176 226 200 237 216 16 30 138 220 155 81 132 
190 154 197 166 166 44 161 109 247 167 231 28 177 12 
208 147 218 171 15 14 176 252 252 182 51 122 149 138 
89 75 244 61 13 77 228 187 186 200 205 179 95 188 
130 248 135 119 17 156 97 166 181 214 79 106 110 164 
102 37 217 168 187 58 78 29 209 144 132 212 167 39 
143 240 181 102 139 171 80 0 68 163 167 214 185 216 
197 198 219 109 228 167 30 178 203 208 42 65 123 67 
130 18 165 1 241 58 166 252 4 135 76 27 189 249 
221 117 70 248 51 159 228 170 154 90 147 238 17 166 
8 103 91 236 33 3 155 238 7 236 167 62 186 35 
255 111 96 186 103 77 84 101 103 67 225 40 1 83 
33 45 244 190 212 125 1 169 188 130 67 72 217 60 
91 40 4 21 132 122 29 151 15 172 152 250 250 192 
189 132 96 219 123 201 77 143 22 108 23 160 142 107 
149 181 212 89 173 55 96 143 45 162 85 174 23 245 
99 38 219 140 64 254 207 187 202 3 111 23 0 53 
175 35 254 41 139 12 150 14 95 111 38 109 44 74 
83 195 60 7 107 177 32 0 153 52 24 141 220 75 
123 203 63 255 51 4 152 24 173 125 178 114 231 56 
187 234 236 75 141 59 220 250 27 200 137 230 102 147 
255 24 245 255 157 56 55 3 4 161 67 81 52 83 
151 96 27 144 136 201 30 76 29 88 197 45 87 11 
84 194 154 131 37 40 52 241 7 30 223 240 250 166 
128 218 58 166 38 196 134 118 154 250 160 147 218 126 
7 5 52 124 199 250 0 190 31 9 100 25 16 48 
187 157 42 171 103 167 177 207 73 101 109 169 95 217 
116 62 70 180 177 99 244 138 79 105 2 65 77 80 
189 14 228 199 65 217 22 129 162 0 37 151 223 133 
179 183 105 50 122 168 37 88 170 130 73 103 67 69 
189 159 228 148 183 85 117 33 0 0 0 0 0 0 
176 69 242 158 50 150 177 108 0 0 0 0 0 0 
37 175 51 248 71 103 160 58 0 0 0 0 0 0 
140 13 226 51 40 233 158 111 0 0 0 0 0 0 
243 15 111 154 26 117 52 223 0 0 0 0 0 0 
23 232 45 78 181 199 239 147 0 0 0 0 0 0 
18 51 54 228 4 94 187 225 0 0 0 0 0 0 
154 128 254 190 103 161 20 104 0 0 0 0 0 0 
135 253 231 78 59 180 193 108 0 0 0 0 0 0 
98 141 154 113 249 26 189 202 0 0 0 0 0 0 
94 55 171 2 132 122 43 223 0 0 0 0 0 0 
113 216 173 24 65 81 110 193 0 0 0 0 0 0 
17 11 250 103 218 219 242 166 0 0 0 0 0 0 
215 94 69 242 205 63 176 135 0 0 0 0 0 0 
183 176 14 153 23 82 17 29 61 57 217 230 39 101 
60 103 166 159 252 100 126 244 109 145 8 122 143 240 
117 170 228 46 143 14 180 137 149 223 113 81 136 30 
158 222 74 202 69 163 206 171 37 33 138 70 61 88 
17 187 33 141 71 150 194 19 210 70 183 109 177 203 
161 101 50 46 130 86 211 31 100 201 117 146 71 188 
37 152 50 123 253 62 200 33 209 98 90 67 163 3 
44 154 209 56 55 56 161 218 76 95 122 5 106 14 
207 55 134 131 246 168 96 230 3 126 31 174 244 184 
114 33 94 207 30 241 242 200 26 146 215 145 104 4 
214 14 223 81 108 56 188 1 16 238 166 63 192 50 
245 121 114 200 100 46 13 234 172 60 129 100 205 163 
35 19 227 218 64 94 123 223 211 158 136 217 218 210 
166 101 198 242 15 71 192 164 26 73 91 119 197 109 
103 245 215 214 185 72 76 139 208 224 133 134 172 190 
67 49 99 127 47 25 231 64 204 50 28 49 25 125 
26 134 104 201 177 39 53 225 52 54 239 103 165 178 
127 153 143 72 173 166 26 242 21 107 222 84 181 234 
1 157 230 37 160 161 112 83 149 123 79 87 222 41 
25 134 43 48 189 250 15 37 98 240 245 155 9 102 
234 226 113 33 119 254 61 187 1 151 5 211 136 174 
92 186 144 71 71 247 192 9 59 189 248 84 56 12 
195 219 203 88 76 110 134 93 185 101 38 198 12 193 
14 44 7 72 149 151 247 92 109 212 56 65 151 226 
157 9 125 3 161 96 72 96 178 68 31 75 208 181 
207 56 199 99 245 101 154 124 244 234 69 238 205 201 
10 201 87 252 1 173 72 27 109 134 175 47 78 85 
151 107 17 178 116 128 255 23 242 183 141 158 17 14 
132 198 77 224 71 75 179 71 208 21 222 243 29 36 
3 84 24 248 154 168 200 164 226 44 41 129 220 226 
150 89 2 155 42 184 77 241 171 133 133 180 25 190 
218 111 142 33 16 67 160 18 127 208 236 187 39 22 
130 48 124 173 11 222 111 5 233 97 183 51 27 185 
220 146 176 94 196 10 88 214 173 3 2 208 151 125 
203 104 12 65 141 121 141 81 77 8 11 222 9 20 
58 40 62 229 132 132 77 70 216 106 101 48 52 217 
172 149 68 130 22 200 97 168 101 97 99 51 154 95 
202 247 17 192 173 126 220 112 225 214 249 241 101 255 
3 195 251 179 245 199 50 62 243 89 119 87 255 120 
202 185 126 0 40 221 8 145 95 91 108 122 111 49 
138 56 164 24 219 53 111 208 160 40 175 125 219 16 
189 70 209 134 141 14 50 31 254 248 52 217 17 3 
206 229 48 119 131 27 7 16 253 150 164 238 60 87 
59 143 134 200 253 206 225 224 113 62 238 40 150 223 
169 227 116 100 187 128 188 120 185 138 242 248 165 1 
112 30 7 21 45 57 33 205 35 14 116 62 83 155 
85 53 163 230 71 13 128 232 142 185 178 191 42 59 
172 75 129 120 87 70 109 244 4 195 90 241 177 192 
134 233 195 157 254 112 121 162 115 116 45 37 229 245 
134 164 154 209 176 160 8 81 227 37 128 91 31 52 
74 35 179 193 22 120 178 137 199 51 149 182 92 82 
102 66 59 249 37 101 98 197 52 88 218 97 148 29 
201 252 23 35 40 46 60 92 148 237 111 33 13 57 
168 189 88 96 189 89 25 232 172 77 180 201 115 155 
100 32 139 237 142 183 175 190 45 67 73 133 65 197 
214 180 196 46 26 176 25 123 255 206 14 233 133 12 
6 17 64 92 44 121 9 166 0 0 0 0 0 0 
171 162 108 177 25 76 243 180 0 0 0 0 0 0 
20 229 126 229 35 63 67 54 0 0 0 0 0 0 
0 104 187 226 197 75 92 225 0 0 0 0 0 0 
56 107 28 145 20 236 98 189 0 0 0 0 0 0 
72 112 95 63 55 111 15 63 0 0 0 0 0 0 
221 37 84 244 139 162 192 111 0 0 0 0 0 0 
1 238 100 203 138 10 178 235 0 0 0 0 0 0 
93 71 215 214 11 62 55 191 0 0 0 0 0 0 
163 206 70 179 189 12 72 25 0 0 0 0 0 0 
174 116 147 18 251 84 38 120 0 0 0 0 0 0 
40 3 19 65 117 150 141 65 0 0 0 0 0 0 
87 65 202 59 219 242 200 166 0 0 0 0 0 0 
164 119 172 107 220 39 116 235 0 0 0 0 0 0 
236 253 103 180 106 18 52 87 5 196 29 152 188 19 
218 189 209 129 51 79 63 104 52 11 85 121 223 240 
62 89 29 81 190 43 96 37 67 129 168 126 205 93 
57 159 75 231 26 140 229 205 237 235 112 37 176 187 
199 108 124 255 253 125 136 38 95 59 194 251 239 166 
206 91 231 91 159 154 53 87 233 210 251 75 172 3 
21 249 30 205 76 230 224 132 25 231 55 80 122 254 
220 145 194 151 56 205 126 115 213 202 124 17 179 136 
163 98 238 206 137 168 179 49 172 170 180 82 12 106 
44 81 83 153 140 147 23 128 53 158 36 47 38 114 
101 200 214 86 16 204 83 108 224 118 246 40 213 196 
235 73 233 114 140 222 18 207 190 133 205 62 129 60 
188 7 206 26 243 97 108 27 119 136 86 233 72 125 
78 59 241 89 91 222 203 9 129 26 189 82 192 239 
35 117 145 255 70 240 131 136 135 7 146 174 228 188 
20 178 51 254 124 20 47 53 141 160 213 149 71 84 
244 92 92 189 70 191 241 162 157 167 138 13 248 20 
236 237 101 251 89 38 10 173 183 208 160 208 6 235 
40 124 172 190 187 171 150 131 123 134 172 245 104 15 
58 57 231 45 243 32 156 80 36 255 202 109 207 216 
35 49 112 41 163 39 252 106 185 50 28 191 100 82 
186 112 210 8 58 144 50 72 250 112 211 73 252 18 
243 48 169 230 111 203 131 31 39 35 154 22 29 56 
123 168 97 15 26 233 229 117 2 243 177 164 51 199 
189 137 239 183 170 143 46 79 187 57 146 141 242 137 
24 190 213 4 245 79 186 221 98 240 48 200 97 163 
142 132 102 62 18 235 209 204 228 32 137 39 2 34 
201 51 24 94 237 174 137 101 43 194 19 5 129 111 
190 113 94 13 6 209 246 252 108 206 170 136 239 104 
35 30 170 49 27 207 182 56 188 170 107 103 5 174 
40 252 89 6 203 113 191 125 115 106 41 121 33 233 
40 99 70 120 160 104 119 117 10 222 153 227 100 196 
240 20 131 68 97 224 202 39 254 89 62 182 201 127 
113 130 242 170 145 144 142 116 42 151 164 56 60 151 
209 42 164 135 28 170 121 209 251 62 227 48 111 232 
181 11 62 117 216 142 193 152 60 211 134 125 225 216 
238 201 79 10 128 57 191 152 78 103 108 228 89 81 
199 156 173 99 38 93 112 201 205 231 125 247 190 58 
27 111 77 126 201 246 206 24 156 34 115 86 148 244 
55 195 240 103 207 207 17 60 248 236 194 33 178 27 
142 80 110 241 224 69 38 141 127 7 44 245 108 151 
182 62 240 180 114 16 121 147 71 124 26 11 52 128 
123 176 143 159 106 118 76 115 117 216 37 228 157 216 
201 191 248 219 209 65 147 49 129 235 216 176 218 190 
153 250 211 236 14 0 138 117 135 139 70 130 6 155 
172 194 176 28 176 18 236 229 165 211 25 30 139 6 
223 243 193 82 173 220 229 210 169 114 55 255 209 182 
50 245 199 144 57 170 203 130 186 89 71 110 179 0 
226 165 121 166 117 46 23 122 158 204 75 99 92 127 
139 35 198 158 210 138 237 37 89 177 85 110 34 154 
85 237 161 248 124 179 38 93 223 54 232 126 128 118 
210 238 248 86 112 175 122 58 87 56 70 232 135 139 
62 58 177 106 45 195 243 133 66 241 90 69 123 195 
5 24 253 90 216 32 217 170 61 57 70 11 50 98 
126 43 165 243 30 46 43 28 10 254 254 18 68 154 
213 27 59 29 168 197 91 83 149 8 148 34 154 227 
28 242 226 116 48 157 69 174 0 0 0 0 0 0 
198 88 220 187 92 40 135 224 0 0 0 0 0 0 
7 20 138 48 206 44 19 73 0 0 0 0 0 0 
56 201 97 169 71 229 41 189 0 0 0 0 0 0 
182 217 38 166 98 96 168 68 0 0 0 0 0 0 
61 82 38 161 172 47 17 59 0 0 0 0 0 0 
19 96 175 71 112 115 151 36 0 0 0 0 0 0 
254 119 43 68 232 65 118 174 0 0 0 0 0 0 
231 93 94 115 35 248 120 44 0 0 0 0 0 0 
91 95 0 166 184 159 195 139 0 0 0 0 0 0 
230 171 218 59 151 181 93 88 0 0 0 0 0 0 
68 126 185 157 211 1 208 233 0 0 0 0 0 0 
30 214 202 4 139 102 158 59 0 0 0 0 0 0 
230 139 185 88 81 140 240 102 0 0 0 0 0 0 
244 200 127 98 184 201 221 61 48 254 240 77 93 104 
159 84 159 168 151 149 200 89 113 54 210 108 43 57 
182 6 211 166 7 126 146 204 180 210 174 207 191 4 
91 33 174 106 188 12 196 73 6 96 194 146 56 29 
27 170 38 86 2 243 240 193 47 1 255 242 161 212 
133 47 84 156 175 53 215 59 11 237 139 140 151 86 
61 53 252 154 23 123 205 23 95 173 11 128 19 205 
96 148 155 93 195 181 26 219 223 15 83 146 180 163 
129 145 103 74 130 87 18 250 88 115 147 0 3 227 
46 254 190 150 173 45 61 5 173 94 62 118 47 143 
233 120 119 110 229 100 115 153 95 77 235 192 86 51 
163 249 64 223 63 199 224 241 99 158 9 13 17 126 
41 25 120 12 160 249 225 31 123 190 175 22 188 104 
40 128 205 183 231 3 180 162 118 214 108 222 214 251 
183 146 63 8 52 11 214 220 102 186 34 230 76 158 
189 223 199 157 137 179 67 98 54 232 161 135 196 127 
39 176 38 19 253 109 235 254 48 7 12 199 192 126 
169 67 84 67 121 94 89 210 50 225 70 202 213 206 
84 232 88 108 237 162 84 201 203 34 148 235 239 102 
112 141 85 112 134 63 67 59 205 162 99 182 69 183 
182 214 52 218 206 25 195 211 83 73 190 186 68 102 
68 130 66 111 239 170 137 116 82 12 137 178 111 167 
232 91 131 168 19 11 216 194 18 15 2 50 231 105 
191 232 49 193 194 91 180 245 70 207 184 41 74 68 
224 229 202 22 82 6 186 246 66 37 40 211 174 64 
187 49 72 103 247 95 8 89 187 149 81 84 8 213 
226 243 97 247 122 180 108 107 119 90 220 195 217 230 
244 107 7 112 78 73 9 54 121 120 220 78 116 248 
36 36 232 183 218 152 57 5 69 64 62 136 101 29 
223 14 51 118 255 246 131 206 0 63 180 136 225 233 
138 109 173 210 102 239 246 3 158 79 157 18 52 140 
29 43 96 35 221 245 212 226 134 40 49 9 23 196 
26 210 87 112 229 127 4 62 245 240 247 210 74 38 
180 227 238 124 53 193 200 242 232 80 211 26 203 144 
38 141 163 112 252 78 111 103 62 251 168 75 237 150 
66 42 68 123 180 218 211 135 223 195 26 205 195 229 
1 246 144 24 213 15 15 28 126 125 98 116 252 64 
61 94 208 185 67 149 214 48 202 204 94 168 210 4 
19 173 151 89 123 132 253 110 95 88 224 129 193 41 
34 88 223 30 125 101 62 111 97 123 38 202 206 154 
176 1 161 86 234 36 205 171 137 44 94 230 140 25 
128 182 65 201 245 111 222 234 60 122 77 93 83 213 
249 64 58 48 105 45 196 119 141 79 3 244 103 166 
198 162 164 243 185 29 71 95 141 249 204 44 66 55 
161 253 38 165 2 197 118 156 192 106 34 112 219 236 
120 154 146 201 167 147 246 55 191 246 67 14 192 193 
46 43 227 33 170 72 194 225 108 43 230 102 114 210 
15 242 224 129 124 123 37 34 26 182 156 117 233 161 
78 28 10 30 97 218 147 146 224 133 137 244 205 29 
27 76 96 65 212 4 182 213 71 244 197 162 114 30 
139 34 79 89 136 37 119 198 90 124 116 136 2 41 
103 33 91 62 240 155 101 120 251 22 240 179 134 145 
65 144 160 247 30 157 251 194 120 166 212 138 79 173 
151 45 195 194 146 154 66 243 21 15 74 45 33 142 
84 5 245 235 175 10 194 162 111 243 245 62 148 193 
141 33 59 129 157 54 244 127 127 156 126 205 49 83 
248 165 246 50 161 139 57 242 0 0 0 0 0 0 
49 90 216 213 120 232 79 212 0 0 0 0 0 0 
43 32 83 76 146 174 40 136 0 0 0 0 0 0 
120 78 170 245 151 247 126 147 0 0 0 0 0 0 
79 176 189 63 253 191 78 112 0 0 0 0 0 0 
67 121 234 61 28 46 27 139 0 0 0 0 0 0 
237 66 39 163 189 126 238 21 0 0 0 0 0 0 
141 168 87 129 14 232 244 29 0 0 0 0 0 0 
70 159 126 43 237 12 208 130 0 0 0 0 0 0 
253 240 147 14 138 45 33 140 0 0 0 0 0 0 
42 79 164 176 253 17 117 177 0 0 0 0 0 0 
219 112 183 21 245 189 213 166 0 0 0 0 0 0 
141 190 30 117 137 36 14 13 0 0 0 0 0 0 
217 109 181 91 5 93 10 180 0 0 0 0 0 0 
100 227 194 10 196 245 168 228 176 21 27 202 42 66 
52 36 50 70 71 29 178 235 179 240 138 106 120 155 
175 152 105 104 224 22 84 225 5 9 52 206 32 113 
46 67 226 51 94 139 226 139 174 116 3 132 32 254 
206 30 16 44 249 1 202 221 193 0 32 170 38 28 
196 41 232 105 21 84 141 41 143 40 91 145 50 165 
206 164 169 167 102 172 67 242 130 186 98 67 35 205 
156 20 60 186 56 92 208 58 68 149 213 172 194 191 
96 14 238 9 103 16 12 98 27 63 214 232 124 155 
186 110 202 181 24 218 227 29 110 190 246 254 189 28 
38 213 205 86 185 61 42 200 96 57 156 208 29 203 
38 186 178 55 112 132 157 226 123 144 73 206 71 220 
80 177 38 55 108 76 96 48 68 36 87 102 217 56 
132 5 139 125 68 71 239 164 205 211 29 19 31 167 
27 190 48 124 169 190 196 195 195 203 229 23 106 230 
188 194 150 31 70 243 13 125 42 253 221 179 102 224 
9 49 48 78 212 9 53 160 147 85 46 103 71 23 
69 31 179 40 168 90 102 244 44 55 59 97 210 180 
20 149 40 85 164 157 199 172 210 194 3 31 156 4 
83 163 254 203 115 93 243 154 188 193 16 18 47 206 
6 152 74 228 47 242 245 1 221 81 38 35 16 181 
75 14 177 218 50 98 16 230 139 166 225 227 84 220 
78 154 138 37 114 122 69 219 67 135 173 190 194 193 
2 88 5 242 6 42 70 65 4 118 128 10 251 59 
35 108 238 242 191 157 213 174 112 100 209 255 54 191 
182 251 212 106 227 105 35 56 210 24 50 72 130 8 
11 217 44 138 124 138 59 24 170 119 7 228 149 161 
19 204 58 196 211 206 30 42 91 24 203 217 172 172 
146 120 158 13 205 230 95 66 149 97 173 131 233 232 
6 194 252 155 136 171 235 48 99 108 50 158 151 6 
29 163 241 77 1 84 143 249 218 122 34 25 168 21 
49 111 152 210 71 30 127 146 127 110 135 242 216 95 
221 175 4 98 83 93 8 222 102 39 170 119 22 14 
87 51 202 131 199 253 142 226 96 113 124 233 34 141 
219 73 200 31 22 117 5 141 213 166 199 0 26 219 
35 209 142 2 213 176 57 26 249 128 85 34 142 65 
194 206 237 39 132 11 198 187 243 118 75 124 15 13 
179 75 234 121 223 5 211 48 5 57 181 96 35 229 
225 229 17 175 7 95 1 53 65 111 7 79 145 20 
2 152 242 57 147 42 36 171 229 252 23 94 249 16 
145 237 60 8 215 50 161 172 219 181 195 141 155 117 
64 209 199 137 127 19 170 174 135 157 87 29 88 112 
136 209 203 125 241 45 58 31 230 149 53 206 104 10 
211 229 36 122 204 5 10 198 31 253 74 235 202 207 
170 175 106 37 40 185 34 170 154 57 207 164 1 45 
176 244 81 241 250 150 236 36 102 217 167 248 242 190 
233 45 99 19 196 0 77 52 61 239 212 114 82 252 
146 154 13 82 209 244 32 192 58 246 93 215 203 162 
14 120 227 22 218 245 49 86 43 120 5 155 0 255 
226 27 147 242 225 6 10 149 80 225 242 41 48 174 
126 105 216 209 93 132 78 194 234 204 113 224 35 64 
143 9 58 11 99 43 74 169 47 198 83 192 245 217 
33 254 246 78 80 67 111 29 148 28 254 129 237 138 
203 82 205 100 63 135 98 250 117 253 184 208 108 180 
162 171 24 113 62 6 83 171 151 158 74 33 173 116 
204 213 242 140 10 213 85 241 18 31 129 159 226 178 
190 138 119 141 212 83 19 28 0 0 0 0 0 0 
226 234 207 122 211 193 45 254 0 0 0 0 0 0 
113 19 94 151 8 248 175 117 0 0 0 0 0 0 
132 108 159 67 130 130 109 106 0 0 0 0 0 0 
248 205 5 38 185 70 84 109 0 0 0 0 0 0 
195 151 134 247 82 0 105 244 0 0 0 0 0 0 
93 228 91 139 59 51 59 28 0 0 0 0 0 0 
74 174 129 107 20 36 67 26 0 0 0 0 0 0 
65 44 10 226 190 164 157 177 0 0 0 0 0 0 
85 81 180 102 80 90 107 108 0 0 0 0 0 0 
161 122 91 142 90 7 222 38 0 0 0 0 0 0 
207 231 35 172 168 64 156 229 0 0 0 0 0 0 
254 213 127 134 112 198 15 213 0 0 0 0 0 0 
118 151 124 141 52 215 222 178 0 0 0 0 0 0 
60 203 141 73 199 207 42 159 246 247 107 26 202 69 
200 228 168 189 204 123 116 93 224 164 80 142 5 93 
245 74 228 202 6 158 155 4 227 62 30 139 141 44 
43 57 185 146 173 241 71 150 199 193 109 179 122 171 
195 115 15 223 41 55 80 189 197 176 198 80 149 221 
0 95 60 190 15 86 187 102 127 46 155 238 80 231 
44 191 23 190 58 20 211 1 36 198 109 161 236 213 
43 103 146 20 84 186 176 155 230 247 54 12 225 28 
26 135 105 134 169 151 26 249 253 237 145 177 22 135 
60 140 192 127 112 61 141 8 86 31 12 195 237 50 
250 63 26 149 182 134 12 82 94 57 235 124 244 90 
129 16 26 135 64 45 53 65 57 4 138 180 106 147 
21 84 97 130 1 38 55 126 67 204 99 79 217 72 
142 18 109 200 76 31 107 86 10 174 106 102 201 189 
82 186 67 183 222 127 98 79 15 105 37 11 228 120 
62 80 59 168 61 163 131 131 77 135 219 240 109 252 
111 95 4 102 141 128 73 238 120 238 90 194 47 169 
45 233 198 173 134 56 171 201 119 160 42 253 2 33 
113 152 154 192 81 149 213 88 102 71 68 164 176 175 
221 88 130 129 127 163 20 252 130 206 8 88 230 219 
227 159 145 64 54 249 18 9 102 177 113 47 115 197 
38 102 69 42 126 169 18 33 64 212 72 2 106 233 
204 174 244 102 205 240 151 139 146 119 255 244 29 66 
59 174 53 119 27 203 46 236 173 24 216 146 239 151 
184 20 118 232 113 24 230 227 23 137 67 75 170 104 
24 224 212 220 223 197 119 221 222 99 84 152 23 186 
228 245 196 152 185 112 4 190 228 192 153 184 100 229 
106 246 138 78 106 7 75 96 108 153 13 242 111 172 
141 237 95 172 154 243 127 5 77 31 68 131 164 111 
68 237 159 2 190 124 226 153 74 155 54 193 230 76 
56 228 180 177 227 82 6 6 92 14 37 168 161 22 
65 74 38 187 241 177 226 110 58 48 56 57 28 201 
233 166 47 203 194 93 227 156 208 200 203 34 20 233 
93 149 172 200 19 179 210 151 41 178 89 70 161 146 
173 178 93 55 197 146 37 5 187 207 201 48 142 105 
231 203 254 231 239 125 250 206 96 24 96 157 58 157 
44 162 109 83 30 149 129 169 213 206 91 68 81 75 
50 105 226 71 62 113 134 39 251 170 220 57 105 20 
140 32 42 179 195 97 151 107 230 16 241 145 247 44 
105 11 137 202 183 56 52 147 62 29 23 21 255 188 
132 135 57 223 195 44 98 174 87 165 225 82 64 244 
209 6 115 64 149 154 120 85 91 176 126 235 33 71 
173 38 160 229 188 238 65 127 112 219 136 63 201 237 
154 122 147 141 16 196 81 96 151 159 33 195 47 11 
17 152 179 108 201 212 147 14 79 93 63 254 162 51 
39 30 152 122 175 28 172 69 207 51 89 40 137 99 
233 93 140 191 60 77 58 73 196 242 28 137 129 77 
65 215 122 83 139 72 180 245 53 155 79 120 64 206 
74 185 61 96 168 158 202 180 227 225 52 101 252 128 
46 86 125 10 101 248 41 96 6 130 62 159 15 246 
249 36 146 13 93 72 152 21 133 178 100 97 115 97 
226 123 136 175 153 239 87 123 2 147 216 120 27 105 
56 35 245 181 108 34 223 171 141 143 183 14 155 104 
52 80 248 19 138 68 42 36 25 241 150 237 225 87 
181 203 127 23 222 25 18 16 91 60 250 221 46 52 
132 2 232 94 140 154 177 247 149 179 122 16 159 78 
115 36 198 36 3 45 105 128 0 0 0 0 0 0 
1 184 215 8 242 61 145 150 0 0 0 0 0 0 
184 58 194 86 254 196 174 198 0 0 0 0 0 0 
159 37 220 172 126 58 199 14 0 0 0 0 0 0 
51 126 115 92 128 39 154 32 0 0 0 0 0 0 
74 220 173 227 167 33 122 216 0 0 0 0 0 0 
122 115 241 125 158 222 195 214 0 0 0 0 0 0 
188 199 130 83 163 217 93 153 0 0 0 0 0 0 
244 242 37 85 73 201 157 142 0 0 0 0 0 0 
10 166 229 111 237 5 97 167 0 0 0 0 0 0 
123 221 150 174 45 26 127 98 0 0 0 0 0 0 
58 112 225 118 23 171 27 78 0 0 0 0 0 0 
55 128 86 1 201 247 210 163 0 0 0 0 0 0 
68 171 170 105 16 199 182 5 0 0 0 0 0 0 
115 39 148 64 181 121 20 16 244 71 146 93 48 146 
5 43 106 41 209 202 123 76 166 241 148 248 132 161 
0 192 118 235 230 47 143 205 177 3 140 19 97 61 
167 208 85 224 24 164 46 93 217 74 88 171 235 193 
218 39 157 67 35 67 172 102 121 236 200 22 219 34 
250 192 75 131 82 157 79 78 130 212 43 113 139 100 
225 139 37 245 69 93 131 1 30 35 87 2 108 222 
3 22 154 185 153 100 64 87 208 211 136 23 168 99 
9 161 34 21 1 112 232 243 23 221 204 110 73 230 
228 178 3 63 205 22 129 119 95 162 167 216 154 87 
254 213 101 117 205 53 118 87 160 26 140 190 121 132 
97 20 222 103 87 86 12 34 62 9 44 77 22 45 
19 81 138 197 12 101 217 111 49 37 84 198 131 147 
153 221 111 57 35 20 245 173 37 69 244 26 161 110 
12 39 105 90 132 109 159 160 248 49 210 98 106 114 
183 45 107 219 226 235 91 157 23 49 84 232 84 1 
111 191 246 219 54 208 112 222 226 69 206 70 116 32 
211 202 79 8 159 187 3 33 188 124 9 11 42 14 
242 82 75 229 40 28 200 54 108 114 82 19 188 86 
225 237 110 76 112 194 41 142 216 240 189 40 25 119 
159 248 47 142 93 226 103 52 143 194 20 206 55 151 
112 247 33 20 250 249 59 230 36 28 246 217 239 95 
205 134 152 141 235 59 5 208 38 141 142 177 125 124 
119 97 126 54 240 20 11 61 17 240 65 109 220 245 
167 171 87 115 199 28 57 231 237 19 33 224 23 142 
60 234 223 195 62 248 153 201 48 118 68 64 19 102 
253 202 2 173 211 123 174 117 213 217 136 233 5 228 
108 129 149 145 93 224 2 173 198 56 233 193 169 137 
2 161 216 48 47 93 68 106 89 151 172 34 128 77 
87 188 155 90 98 26 234 60 118 0 67 167 147 111 
18 19 234 95 59 69 69 4 73 220 134 14 60 216 
95 197 232 113 6 81 248 165 255 173 89 170 72 219 
233 125 25 199 141 116 132 196 62 248 251 79 252 9 
43 28 51 87 113 104 37 144 144 14 241 34 137 13 
54 93 83 97 205 226 229 32 218 91 235 211 91 201 
81 238 92 196 78 35 105 74 236 121 24 240 43 240 
52 46 242 8 248 73 132 49 216 0 51 247 213 85 
33 199 79 35 169 73 108 122 218 244 50 249 180 201 
14 94 70 143 255 97 122 20 246 233 179 30 242 246 
224 40 232 199 108 129 173 152 234 76 100 219 89 135 
142 10 98 156 193 217 236 1 33 84 162 19 174 125 
72 207 5 211 33 214 218 22 114 213 40 82 60 206 
18 87 163 128 116 9 196 48 212 55 226 93 48 227 
165 154 185 104 15 23 232 233 131 29 32 243 255 172 
171 124 20 58 182 80 209 0 165 137 115 43 121 38 
11 128 226 218 14 39 206 169 98 159 10 74 7 233 
128 103 199 167 17 11 159 211 175 61 131 139 91 252 
150 13 90 100 20 81 4 21 107 238 135 30 155 228 
103 124 81 44 87 26 188 133 189 173 156 210 152 52 
103 184 11 136 87 161 140 65 233 170 174 28 27 213 
255 90 239 71 231 90 39 213 237 247 123 1 16 49 
160 162 55 198 184 116 99 236 120 111 56 60 226 147 
242 174 243 136 53 194 248 158 125 92 3 58 202 122 
11 143 185 51 164 179 10 80 45 73 76 222 167 80 
134 210 105 82 151 62 80 213 212 87 100 4 63 29 
239 136 128 191 47 182 60 170 232 221 113 142 26 253 
253 8 138 12 21 47 224 177 0 0 0 0 0 0 
97 134 133 195 171 163 19 100 0 0 0 0 0 0 
249 187 51 41 101 176 209 144 0 0 0 0 0 0 
152 188 253 3 118 254 67 238 0 0 0 0 0 0 
117 208 19 71 116 162 217 32 0 0 0 0 0 0 
228 129 163 51 25 60 133 220 0 0 0 0 0 0 
241 20 231 177 187 76 172 35 0 0 0 0 0 0 
113 23 239 33 213 51 99 141 0 0 0 0 0 0 
236 201 80 8 123 47 173 124 0 0 0 0 0 0 
182 180 245 224 221 86 176 86 0 0 0 0 0 0 
19 91 28 30 39 1 116 70 0 0 0 0 0 0 
127 221 19 199 163 78 111 176 0 0 0 0 0 0 
165 225 215 144 20 106 156 176 0 0 0 0 0 0 
32 106 196 22 71 64 232 40 0 0 0 0 0 0 
159 225 116 160 173 228 140 237 80 252 57 80 136 41 
118 146 250 214 79 139 179 240 104 69 173 202 195 191 
41 51 153 227 153 67 105 146 71 16 117 253 50 154 
155 96 82 217 91 67 247 223 101 238 229 175 183 99 
21 24 213 21 159 59 177 202 77 3 178 36 33 111 
226 226 243 189 232 28 1 63 126 103 160 210 166 194 
186 161 149 158 196 14 133 49 26 72 194 146 190 79 
165 60 237 159 59 168 207 151 233 173 202 40 177 74 
251 81 154 30 37 248 222 31 4 212 215 85 151 228 
99 19 42 206 40 97 159 12 206 15 246 170 85 30 
222 188 168 42 201 15 130 171 17 62 184 8 182 74 
132 31 208 255 21 122 149 207 144 63 68 8 243 108 
188 79 223 50 18 71 151 204 174 3 149 44 142 133 
73 104 210 48 40 99 138 67 56 16 114 8 121 109 
124 199 85 107 83 84 182 194 191 246 173 46 193 172 
232 101 94 251 100 193 59 248 33 223 88 181 31 189 
190 38 89 225 68 11 190 228 7 173 95 165 7 13 
27 72 82 160 155 170 54 167 100 213 99 118 117 201 
216 36 25 129 35 200 55 56 147 17 121 148 40 255 
208 119 94 47 145 44 168 173 227 242 130 60 198 201 
76 191 174 34 35 185 236 195 71 128 118 49 184 21 
222 83 145 129 11 22 139 81 81 114 157 186 176 103 
133 193 224 42 232 97 222 165 0 55 144 85 205 65 
45 170 189 142 70 11 6 96 63 205 48 146 26 239 
76 67 184 51 60 91 23 249 137 79 211 156 52 33 
220 170 63 3 93 181 116 2 198 41 147 107 25 6 
216 80 179 203 96 57 30 215 45 231 205 168 63 90 
140 126 235 123 214 165 142 59 82 125 98 171 255 5 
57 175 87 120 90 70 130 88 16 241 67 78 91 177 
182 52 94 92 86 116 222 188 54 117 159 221 88 54 
62 35 68 41 90 94 190 2 178 86 117 153 72 11 
217 14 208 134 153 112 116 12 161 154 96 91 242 142 
225 148 226 147 109 58 193 203 31 133 197 168 245 117 
238 219 58 178 234 140 63 171 120 78 213 181 150 33 
78 108 118 118 114 116 129 164 228 72 217 160 162 234 
200 187 40 245 13 86 185 29 106 138 98 221 225 86 
248 58 80 128 21 84 135 245 230 163 115 158 109 39 
59 37 213 115 39 26 114 88 244 111 239 158 162 37 
236 29 59 208 98 122 160 91 53 180 97 196 101 203 
154 60 85 76 138 118 122 251 99 26 135 19 37 38 
193 61 149 146 251 152 49 143 121 183 18 81 60 156 
103 204 220 63 157 158 235 42 4 34 42 198 156 86 
152 89 59 134 130 120 175 112 2 173 185 111 22 246 
161 192 186 185 228 99 94 253 104 199 66 1 45 236 
106 236 26 125 155 252 42 171 9 202 119 151 180 84 
150 115 140 74 21 84 111 207 220 254 155 30 237 112 
238 42 241 9 60 82 17 67 175 30 87 34 71 143 
252 208 70 4 180 253 134 249 253 58 88 255 215 136 
127 104 174 89 113 253 6 149 176 95 172 157 60 143 
37 54 112 188 1 40 25 187 246 179 218 82 4 216 
20 125 169 224 106 144 153 206 117 216 63 241 54 86 
78 69 49 60 141 76 161 181 174 181 242 142 175 127 
128 10 242 191 251 44 220 145 211 44 34 63 9 9 
126 148 209 156 94 126 101 122 38 209 226 194 216 141 
56 216 69 69 163 36 146 180 82 53 36 232 71 11 
155 19 101 59 60 16 96 210 15 191 139 25 18 31 
88 131 191 85 140 172 254 201 0 0 0 0 0 0 
104 199 51 210 206 78 122 122 0 0 0 0 0 0 
0 64 156 156 199 166 193 160 0 0 0 0 0 0 
17 53 71 172 207 22 233 177 0 0 0 0 0 0 
193 166 4 165 81 206 230 97 0 0 0 0 0 0 
186 21 66 231 174 61 62 87 0 0 0 0 0 0 
158 115 21 139 222 22 59 84 0 0 0 0 0 0 
181 131 43 149 168 77 107 235 0 0 0 0 0 0 
154 72 171 8 169 213 213 240 0 0 0 0 0 0 
37 200 146 170 56 99 85 53 0 0 0 0 0 0 
198 202 155 194 199 50 139 89 0 0 0 0 0 0 
72 114 115 178 152 140 247 64 0 0 0 0 0 0 
252 224 129 166 24 158 0 6 0 0 0 0 0 0 
231 17 71 48 116 187 173 242 0 0 0 0 0 0 
245 14 134 101 178 118 185 131 220 203 90 143 115 13 
40 122 239 112 228 52 71 6 89 39 88 213 134 82 
86 139 151 191 77 136 185 38 25 218 176 227 187 129 
42 8 167 46 197 148 195 123 226 33 97 200 127 175 
139 110 79 185 51 68 117 78 87 24 24 224 248 232 
251 217 248 192 152 232 25 147 189 0 195 111 107 32 
93 52 139 39 210 83 114 248 172 86 191 174 235 63 
214 247 221 49 153 190 73 224 45 214 133 224 145 63 
0 0 0 0 0 0 0 0 0 0 0 0 0 0 
0 0 0 0 0 0 0 0 0 0 0 0 0 0 
0 0 0 0 0 0 0 0 0 0 0 0 0 0 
0 0 0 0 0 0 0 0 0 0 0 0 0 0 
0 0 0 0 0 0 0 0 0 0 0 0 0 0 
0 0 0 0 0 0 0 0 0 0 0 0 0 0 
103 135 119 61 225 109 231 89 201 64 197 98 29 255 
34 222 109 183 165 31 12 85 225 153 101 44 214 76 
124 244 49 124 29 90 125 205 146 21 157 115 221 37 
127 22 158 62 30 102 62 206 62 182 94 95 223 7 
56 111 22 182 212 251 178 128 238 132 202 71 133 10 
246 84 162 74 177 66 99 124 246 57 172 184 196 57 
112 73 143 12 135 201 152 190 3 45 6 86 227 119 
146 50 199 249 112 212 205 4 31 199 165 96 159 12 
0 0 0 0 0 0 0 0 0 0 0 0 0 0 
0 0 0 0 0 0 0 0 0 0 0 0 0 0 
0 0 0 0 0 0 0 0 0 0 0 0 0 0 
0 0 0 0 0 0 0 0 0 0 0 0 0 0 
0 0 0 0 0 0 0 0 0 0 0 0 0 0 
0 0 0 0 0 0 0 0 0 0 0 0 0 0 
16 88 222 172 200 59 13 69 237 11 168 204 126 200 
118 59 132 57 65 132 235 94 196 6 11 188 1 193 
147 109 253 139 93 189 242 69 253 98 188 84 113 92 
0 240 1 90 34 131 164 173 198 23 200 1 235 172 
95 12 153 141 113 205 41 13 1 140 55 138 13 71 
126 252 27 66 218 74 251 84 190 160 99 111 43 0 
218 210 41 166 18 52 212 186 175 122 227 179 177 165 
78 12 240 161 199 10 18 136 18 89 6 191 45 249 
0 0 0 0 0 0 0 0 0 0 0 0 0 0 
0 0 0 0 0 0 0 0 0 0 0 0 0 0 
0 0 0 0 0 0 0 0 0 0 0 0 0 0 
0 0 0 0 0 0 0 0 0 0 0 0 0 0 
0 0 0 0 0 0 0 0 0 0 0 0 0 0 
0 0 0 0 0 0 0 0 0 0 0 0 0 0 
176 63 125 114 38 160 233 9 8 238 194 141 87 40 
228 83 246 180 118 36 165 225 193 45 12 71 197 111 
91 184 187 170 207 114 217 78 24 128 205 71 54 227 
109 87 144 66 147 173 183 217 58 4 94 112 98 93 
194 4 150 0 202 123 156 181 78 239 32 104 80 96 
85 147 33 104 208 192 161 218 212 246 169 84 97 53 
88 145 24 182 50 84 228 171 112 252 21 133 20 136 
202 71 26 234 95 33 216 44 197 75 102 191 252 198 
0 0 0 0 0 0 0 0 0 0 0 0 0 0 
0 0 0 0 0 0 0 0 0 0 0 0 0 0 
0 0 0 0 0 0 0 0 0 0 0 0 0 0 
0 0 0 0 0 0 0 0 0 0 0 0 0 0 
0 0 0 0 0 0 0 0 0 0 0 0 0 0 
0 0 0 0 0 0 0 0 0 0 0 0 0 0 
8 254 20 80 187 92 61 100 0 0 0 0 0 0 
45 230 130 234 6 189 248 159 0 0 0 0 0 0 
149 149 41 155 51 55 241 168 0 0 0 0 0 0 
135 9 12 182 49 163 54 16 0 0 0 0 0 0 
32 23 207 206 157 196 203 57 0 0 0 0 0 0 
58 216 118 125 85 101 21 206 0 0 0 0 0 0 
171 69 28 250 167 233 138 81 0 0 0 0 0 0 
198 162 4 147 247 215 221 176 0 0 0 0 0 0 
0 0 0 0 0 0 0 0 0 0 0 0 0 0 
0 0 0 0 0 0 0 0 0 0 0 0 0 0 
0 0 0 0 0 0 0 0 0 0 0 0 0 0 
0 0 0 0 0 0 0 0 0 0 0 0 0 0 
0 0 0 0 0 0 0 0 0 0 0 0 0 0 
0 0 0 0 0 0 0 0 0 0 0 0 0 0 
