71 3 200 126 129 120 66 196 206 107 22 125 67 112 
27 118 133 105 56 70 219 76 27 52 135 39 46 85 
87 97 199 245 119 66 160 56 137 181 134 1 247 77 
85 19 136 135 35 119 50 79 188 29 48 197 79 198 
84 64 102 32 157 147 27 51 12 144 137 253 180 203 
130 89 17 161 128 38 154 120 221 164 153 71 70 33 
59 90 109 214 227 79 254 12 196 101 213 131 175 246 
110 19 41 65 156 148 193 109 126 252 161 203 175 199 
98 92 190 156 37 147 222 45 223 91 222 95 244 92 
91 171 8 122 52 195 17 159 62 121 177 187 57 221 
196 9 3 166 53 147 12 212 21 248 10 147 238 109 
238 97 84 2 22 115 190 39 196 85 148 110 207 210 
137 146 152 19 43 185 64 11 184 246 24 18 52 18 
89 207 184 140 22 92 13 222 110 165 122 2 6 17 
217 53 183 101 240 251 131 229 255 99 206 188 150 140 
202 157 169 104 52 171 230 192 62 150 70 120 204 7 
227 21 226 63 9 124 93 251 143 252 226 154 104 143 
21 129 117 93 11 191 157 130 1 237 32 17 78 88 
40 89 150 99 162 103 65 38 75 204 43 91 14 160 
157 123 141 198 125 36 254 114 193 190 56 233 41 94 
13 136 46 234 219 8 54 127 94 0 9 15 200 171 
136 79 20 236 157 208 151 143 110 107 216 210 214 227 
161 36 21 198 86 44 198 148 134 13 18 35 192 233 
36 66 168 164 220 157 73 234 200 225 173 115 80 32 
171 133 48 118 1 187 44 237 163 6 254 158 82 241 
148 25 111 41 120 7 18 60 144 14 87 161 7 245 
248 249 139 9 33 148 185 191 127 55 213 154 155 28 
191 79 102 59 34 40 20 200 239 166 46 253 10 106 
227 25 67 85 160 169 135 239 224 6 87 5 68 31 
122 151 230 120 239 241 235 115 38 23 87 207 112 102 
37 110 179 121 152 91 98 74 204 11 172 153 144 227 
244 146 120 251 130 170 45 34 120 202 8 34 7 175 
223 69 226 145 31 23 243 2 27 110 78 26 164 168 
99 209 218 52 119 172 65 84 85 156 24 32 64 35 
230 207 45 184 85 50 47 109 67 129 51 207 23 90 
237 13 81 7 18 93 102 0 200 156 202 176 91 52 
78 124 49 67 172 2 0 250 96 158 62 67 186 51 
217 166 50 40 41 109 251 176 35 6 219 79 207 170 
57 154 252 60 120 62 50 116 131 67 232 60 169 146 
247 90 172 181 79 80 20 223 232 128 201 44 252 148 
225 41 116 29 183 151 160 122 61 108 42 252 147 27 
77 72 216 21 66 252 64 144 251 149 102 135 20 144 
228 2 7 207 34 151 159 63 107 49 175 184 70 16 
3 36 3 17 151 228 148 48 7 111 158 75 71 60 
208 41 148 227 116 186 170 127 67 160 56 86 126 239 
145 188 58 49 164 52 252 174 46 217 133 234 46 252 
239 110 154 15 249 203 80 193 160 221 79 107 239 77 
39 171 23 89 174 78 194 216 245 116 165 120 122 238 
84 75 159 235 91 130 91 212 138 120 48 116 144 242 
93 92 204 165 84 134 95 248 110 56 134 12 222 43 
39 249 228 237 169 91 67 132 9 14 244 84 42 53 
28 67 109 129 60 26 130 176 167 46 126 83 58 65 
45 213 71 163 169 185 210 156 43 35 0 15 34 154 
204 87 130 12 252 117 95 18 83 109 186 118 9 237 
155 243 120 48 96 59 24 34 84 63 173 197 131 170 
191 211 205 174 75 165 58 4 184 83 141 46 12 29 
28 0 96 9 222 94 146 206 198 71 57 241 79 19 
222 46 89 248 105 25 51 211 217 5 249 37 56 37 
32 92 206 241 79 85 150 203 112 30 238 227 8 0 
146 88 195 189 203 160 84 22 228 41 123 144 222 64 
103 120 101 51 63 37 2 178 252 125 145 123 121 187 
246 55 205 111 12 158 216 197 222 226 28 11 26 75 
206 110 194 30 45 4 37 196 19 16 14 40 202 129 
59 97 32 187 16 145 190 154 141 13 181 180 126 190 
90 223 241 199 84 244 237 103 243 210 97 33 196 165 
91 27 98 104 122 197 142 168 166 186 130 139 254 235 
131 18 18 250 182 155 83 228 52 170 200 227 96 232 
2 147 121 108 81 83 107 58 56 238 235 9 31 123 
194 74 72 129 105 101 4 95 215 70 39 235 151 24 
185 90 29 80 238 96 90 238 88 151 142 255 92 37 
94 103 227 154 38 221 81 23 144 55 187 181 102 232 
85 36 164 199 41 147 210 18 15 208 144 178 217 177 
115 192 206 178 15 73 90 223 85 78 3 245 32 15 
159 196 10 138 196 215 132 62 129 87 38 52 75 45 
67 64 58 103 193 133 118 221 39 55 236 20 248 165 
69 98 64 118 24 83 108 50 94 76 94 5 39 110 
193 192 140 189 154 33 229 130 32 84 60 238 206 185 
1 255 182 232 254 168 24 243 142 44 51 235 10 203 
91 165 133 160 76 189 185 202 190 220 64 202 58 55 
8 44 43 88 1 106 56 33 24 13 209 14 105 21 
8 186 176 155 163 165 1 181 111 52 186 154 215 249 
181 6 180 53 194 224 103 155 84 27 38 87 122 218 
147 79 17 215 147 169 57 5 93 141 5 116 209 44 
119 117 12 1 171 0 57 86 82 82 169 11 98 218 
39 147 12 86 133 63 239 58 123 191 139 81 178 230 
248 166 27 173 215 165 133 123 138 126 111 163 160 202 
26 46 147 113 227 220 182 203 208 101 105 5 105 4 
143 199 201 54 66 19 244 192 197 113 107 239 185 73 
254 35 148 144 226 143 80 166 3 58 96 127 155 73 
232 2 4 129 45 174 203 8 75 131 5 107 38 32 
230 229 162 41 143 223 23 235 40 179 255 67 47 181 
242 187 15 116 213 247 245 61 78 80 223 225 122 190 
246 184 227 251 29 230 172 229 202 221 15 37 20 36 
10 14 14 86 84 199 84 109 150 173 227 64 216 243 
46 75 57 139 110 175 228 74 57 121 63 71 86 39 
102 132 208 105 215 208 73 36 111 235 145 188 149 236 
119 147 181 224 223 205 240 180 21 87 17 85 97 39 
195 21 220 197 2 81 129 10 208 80 135 39 41 111 
239 234 56 123 89 61 203 95 27 240 5 255 148 184 
82 99 190 119 160 24 3 189 205 211 82 143 91 88 
113 104 107 154 149 126 233 36 48 70 4 183 10 58 
225 53 147 218 144 189 120 241 63 24 116 25 173 84 
105 129 226 174 175 238 30 182 171 0 15 173 164 183 
70 50 211 53 236 30 185 198 177 172 182 29 6 221 
214 225 140 26 238 104 204 27 232 194 40 9 91 249 
17 223 95 151 123 22 159 105 142 129 175 131 159 118 
160 132 94 46 210 27 81 110 10 202 129 103 196 234 
115 220 203 240 89 130 6 238 138 172 149 93 48 39 
29 25 64 99 95 173 176 212 16 209 228 152 228 49 
105 90 237 112 229 118 35 109 78 94 68 197 91 60 
222 153 56 217 169 145 126 189 27 32 98 152 55 10 
45 224 166 36 236 188 8 91 104 33 140 248 88 58 
190 35 214 14 161 165 16 93 254 242 64 202 251 102 
222 64 239 207 19 142 117 44 114 84 192 180 227 35 
46 26 223 224 31 16 227 105 7 10 30 123 194 68 
109 212 40 6 138 148 226 39 129 233 124 208 99 235 
186 130 61 197 48 90 75 22 13 148 106 151 56 79 
204 253 158 143 239 33 202 136 208 94 182 26 92 58 
224 152 39 73 161 205 96 79 186 65 5 165 48 184 
83 222 91 252 129 169 57 220 173 249 8 117 23 100 
19 176 141 201 204 12 38 54 27 158 51 9 246 86 
115 85 50 131 134 135 152 153 164 73 60 50 143 166 
10 84 198 111 162 242 252 222 102 181 200 122 208 252 
158 58 10 33 254 237 184 254 235 217 24 175 159 163 
78 154 125 111 249 173 71 71 10 231 145 193 214 26 
118 220 106 239 137 44 30 42 14 55 109 47 107 30 
3 197 217 128 24 27 95 155 253 9 1 180 244 151 
53 185 69 195 150 38 142 127 220 37 91 250 12 249 
246 32 236 156 129 100 186 167 65 189 29 115 61 238 
92 126 8 11 206 16 219 57 146 30 230 181 127 110 
232 24 94 252 254 217 87 157 184 19 170 226 114 136 
160 63 226 231 192 108 237 74 69 12 191 3 208 141 
26 152 91 79 238 12 110 8 43 96 149 103 211 90 
17 247 83 133 206 71 19 121 149 72 76 92 131 246 
26 169 186 58 210 48 86 15 149 95 163 229 37 191 
141 66 248 193 87 175 139 187 144 210 249 46 67 216 
204 74 111 22 19 180 182 239 181 134 89 248 4 152 
100 90 149 254 38 120 80 209 228 210 195 51 207 41 
187 141 50 229 22 27 240 179 211 171 46 114 107 161 
77 80 100 63 27 48 35 35 74 80 2 17 33 40 
162 243 113 149 131 30 203 54 209 215 240 22 129 22 
137 140 157 138 24 96 220 220 47 47 118 56 224 17 
54 10 116 120 209 5 95 92 118 106 116 149 166 135 
86 136 70 126 47 5 243 71 164 112 149 248 8 31 
55 68 207 4 22 66 70 140 247 112 130 198 190 248 
150 200 61 50 10 79 74 105 136 165 20 226 215 200 
183 26 14 200 13 80 1 113 199 67 0 42 189 61 
193 29 131 80 154 152 61 224 243 179 180 98 252 52 
169 98 155 175 105 203 169 242 161 99 93 160 116 149 
8 27 203 115 3 167 236 251 230 205 79 153 251 254 
172 238 243 121 89 208 215 111 211 146 65 100 155 133 
203 216 67 190 200 39 200 26 50 174 34 128 228 47 
26 102 9 118 92 151 213 61 205 51 115 78 30 247 
62 231 162 190 51 98 92 72 166 21 93 59 53 120 
77 103 251 133 71 78 6 101 234 228 10 72 172 147 
86 149 114 130 8 67 94 23 125 134 232 187 12 175 
49 221 244 77 147 57 146 153 125 90 216 17 126 93 
250 98 159 249 106 139 246 188 7 64 120 151 146 140 
15 157 97 187 237 8 87 119 31 125 19 49 101 145 
104 195 65 139 13 83 78 107 150 122 211 44 163 165 
152 71 88 188 248 120 13 2 56 196 70 61 23 187 
229 22 166 251 158 194 90 245 172 226 96 244 194 168 
48 91 69 60 101 45 184 94 204 211 120 76 187 26 
169 230 164 124 112 16 233 160 98 88 242 36 61 217 
126 153 214 94 54 207 83 203 136 83 154 185 178 55 
10 97 29 17 104 187 237 70 28 231 214 137 157 203 
49 158 42 254 79 100 187 228 13 18 55 27 168 193 
231 22 211 43 43 8 7 178 107 4 27 164 81 98 
20 189 53 100 62 237 217 26 124 92 87 130 220 172 
87 244 110 126 133 189 87 55 67 11 33 4 154 9 
85 27 119 74 76 68 20 107 66 152 180 244 172 137 
147 128 203 35 29 30 130 146 94 246 101 227 186 48 
18 15 222 17 196 53 246 103 37 39 32 40 100 40 
33 86 136 244 88 37 4 1 240 96 139 5 89 9 
37 184 248 64 131 219 29 101 143 121 54 129 72 109 
67 226 205 36 138 6 183 164 140 187 172 205 55 131 
50 223 93 61 192 61 101 2 27 113 65 78 224 111 
160 96 92 30 100 227 164 20 86 205 226 161 24 136 
238 16 92 80 30 41 84 220 94 251 105 64 131 216 
48 18 220 160 154 203 10 67 107 113 18 129 237 115 
177 244 229 213 240 81 198 140 247 235 37 44 38 120 
109 192 98 24 212 249 173 147 141 140 250 226 63 213 
63 242 183 192 203 164 218 233 218 24 221 2 103 43 
184 118 65 62 215 75 97 58 19 77 123 208 226 105 
211 6 202 87 82 239 28 124 217 185 222 14 213 238 
9 121 20 243 245 1 215 213 17 169 40 68 215 84 
109 224 255 43 62 180 243 62 116 0 132 110 130 60 
219 138 9 89 178 184 166 74 196 23 15 195 129 162 
94 65 7 88 172 74 78 154 226 246 162 212 204 174 
87 95 111 52 184 166 157 227 64 136 198 57 13 254 
17 146 145 254 171 54 139 159 95 150 53 125 104 211 
191 95 131 128 253 23 72 169 93 170 185 20 27 177 
28 198 184 255 6 201 168 132 185 45 75 113 175 77 
30 157 119 84 51 40 192 255 222 94 180 164 178 222 
135 115 171 251 79 252 173 98 22 241 45 253 45 45 
46 24 196 246 112 195 184 127 228 119 172 177 98 252 
91 43 158 137 44 136 89 46 8 224 212 111 104 145 
138 50 178 63 30 219 197 25 147 181 210 94 187 148 
111 32 242 184 230 73 12 245 211 219 139 17 238 124 
21 110 37 49 38 232 238 106 3 1 219 63 239 60 
110 249 160 198 48 212 244 91 253 3 225 104 162 245 
170 109 170 215 89 166 116 90 105 234 137 182 195 211 
45 239 236 31 52 86 124 86 23 84 210 173 71 99 
6 43 193 93 31 10 227 249 134 96 126 146 187 255 
44 43 71 153 228 177 242 40 203 127 53 140 77 40 
242 118 109 112 99 134 89 155 81 176 66 235 134 228 
106 100 132 238 127 210 119 155 39 13 105 29 220 124 
181 176 250 216 190 126 22 50 224 192 146 56 167 39 
110 180 63 122 97 85 44 128 41 178 59 32 31 140 
185 199 14 83 226 10 69 236 156 141 235 178 102 35 
147 187 139 54 16 92 155 106 139 239 27 125 211 211 
124 114 243 181 74 238 10 14 166 226 87 237 246 106 
148 247 219 245 133 172 100 167 208 236 129 251 15 185 
186 173 36 62 32 215 204 16 132 90 120 181 232 127 
88 99 51 222 184 9 41 127 143 148 153 64 85 107 
216 118 22 59 111 215 197 250 17 152 210 38 208 210 
254 78 144 42 111 212 187 177 255 241 54 9 218 249 
148 202 72 225 138 35 199 254 163 197 93 15 53 252 
44 126 148 31 71 227 133 43 196 202 246 171 19 182 
236 219 142 102 188 12 80 86 126 74 75 137 191 61 
149 134 118 77 3 161 57 9 249 123 177 202 128 204 
76 147 153 96 49 60 210 96 121 208 22 211 156 51 
201 100 41 8 21 102 187 209 126 21 40 88 189 31 
251 79 203 99 37 51 60 248 239 118 206 113 51 220 
66 95 204 38 106 24 75 238 132 183 235 210 198 100 
200 212 58 214 75 1 204 21 233 81 162 133 13 207 
171 32 82 249 123 3 246 106 86 44 140 182 138 130 
240 150 2 21 128 69 25 168 137 41 172 109 0 182 
115 15 115 144 145 245 62 239 105 198 2 72 180 40 
83 42 208 206 177 102 91 177 186 114 1 157 157 15 
146 240 210 42 88 159 9 0 167 121 96 134 181 176 
216 8 172 149 10 16 254 163 22 137 249 191 221 36 
155 190 112 251 167 40 199 117 248 59 183 105 22 51 
30 134 7 201 97 242 104 250 24 49 188 9 7 73 
3 199 81 35 143 18 232 53 19 156 72 94 253 238 
101 17 5 172 225 182 6 26 131 77 13 223 229 85 
176 9 108 236 162 82 125 55 132 161 238 4 253 212 
187 174 12 189 251 65 157 106 18 223 91 170 39 99 
198 204 217 67 133 170 45 187 253 231 203 40 34 116 
107 178 141 89 138 45 208 178 97 65 6 247 23 201 
174 129 54 122 185 74 92 197 225 245 51 254 61 14 
162 189 18 146 69 133 237 178 27 163 238 212 127 89 
103 219 90 60 166 168 150 219 14 224 214 161 109 240 
100 253 137 79 106 191 252 3 102 198 66 103 216 216 
17 43 61 209 232 156 65 0 235 38 49 206 238 23 
175 160 208 165 169 255 10 51 140 247 135 208 180 188 
183 1 40 148 223 192 132 240 179 196 54 220 38 3 
237 154 129 118 79 138 178 28 235 78 231 65 110 42 
92 0 25 177 113 7 114 158 0 154 58 0 237 219 
160 154 255 72 180 137 238 133 30 39 189 92 16 48 
73 2 121 35 35 155 124 235 155 1 32 191 29 193 
73 71 193 103 231 0 29 252 109 225 94 204 133 63 
151 109 1 238 88 252 21 169 131 170 196 179 91 119 
153 191 222 62 151 14 85 242 114 215 41 39 0 235 
248 212 234 153 232 87 167 207 59 185 171 131 36 52 
219 81 217 242 69 102 234 24 14 156 209 3 171 230 
202 209 84 239 229 36 182 254 89 34 233 29 27 193 
161 122 175 65 168 13 63 250 140 123 234 87 149 59 
94 35 249 247 169 3 83 53 76 68 82 54 145 215 
174 30 31 154 97 86 204 218 19 47 178 21 214 200 
133 4 19 49 36 216 196 208 109 197 228 4 86 189 
36 9 57 126 224 28 112 206 81 223 34 5 4 254 
92 205 139 19 100 38 114 199 74 173 117 58 191 29 
239 166 42 22 150 63 249 29 102 93 53 229 219 220 
90 204 99 195 101 169 19 37 46 197 153 69 248 39 
114 253 71 21 93 97 242 215 15 159 120 190 40 42 
151 101 102 23 27 55 24 199 245 49 214 198 140 233 
112 243 88 208 36 225 172 180 20 126 211 137 247 242 
95 104 14 202 190 216 89 86 14 77 12 79 50 238 
61 189 38 155 223 24 143 47 243 174 151 2 253 68 
247 179 181 0 85 36 0 135 209 197 30 98 219 22 
37 166 71 103 174 212 163 226 206 254 200 204 72 43 
175 8 0 253 134 221 179 145 3 249 230 167 249 181 
28 3 41 154 76 19 90 36 146 209 172 199 37 235 
41 48 137 33 157 205 6 239 167 143 88 109 17 239 
168 115 93 47 187 0 160 226 106 221 148 174 82 125 
232 81 204 40 218 226 32 89 8 89 245 100 131 82 
12 91 38 14 46 51 38 187 99 35 233 245 101 77 
28 140 84 160 0 136 171 253 4 106 115 152 153 181 
183 162 66 173 55 37 234 95 96 47 123 225 124 50 
172 219 39 171 27 70 2 2 155 116 171 177 207 81 
236 169 248 232 50 241 11 41 65 145 7 233 39 174 
133 42 110 246 144 157 150 63 184 101 195 106 98 30 
178 142 98 30 241 83 204 250 80 155 6 76 147 104 
34 180 105 250 107 29 162 55 62 66 156 80 28 112 
254 162 252 141 169 218 230 89 236 93 189 244 247 231 
93 161 147 113 230 201 16 89 86 67 126 189 94 210 
32 39 110 239 29 112 19 201 121 222 130 139 68 144 
117 221 17 28 53 173 170 118 248 47 2 20 110 34 
107 79 151 86 9 13 215 107 135 157 76 219 8 226 
95 59 97 180 153 189 133 131 185 250 64 61 3 238 
41 114 218 68 210 183 145 212 65 72 127 107 164 241 
81 202 64 46 164 241 171 145 212 157 59 100 14 15 
190 144 173 15 107 189 195 49 25 187 245 87 175 32 
141 119 220 51 202 158 8 9 122 53 138 238 203 132 
27 7 95 116 138 53 158 153 178 59 80 111 170 36 
107 228 59 223 41 23 151 45 94 96 71 189 9 144 
102 148 41 122 13 179 210 178 14 244 127 148 229 54 
170 136 235 185 154 133 205 203 125 212 61 165 182 23 
231 144 120 137 167 76 148 135 249 177 143 80 177 151 
248 9 236 244 248 4 70 68 43 65 77 46 174 53 
54 100 122 203 207 203 240 169 181 220 180 180 199 74 
191 214 218 228 176 255 175 190 99 105 34 139 197 33 
163 78 231 195 234 50 81 132 231 181 152 118 248 12 
51 8 95 195 138 204 243 165 80 126 21 219 19 65 
230 88 17 43 184 116 78 4 194 214 227 75 23 152 
153 122 217 166 182 140 169 103 23 187 99 160 127 142 
8 149 47 19 252 113 183 105 114 231 11 130 36 26 
217 39 71 186 26 61 190 112 232 70 142 125 143 43 
146 158 230 56 112 50 224 104 203 158 94 227 186 241 
71 197 121 196 219 33 95 101 68 70 16 52 110 64 
244 76 25 162 232 102 45 131 51 251 77 199 187 169 
174 160 121 216 42 83 42 157 144 64 71 223 63 29 
56 184 243 130 197 29 222 170 205 194 251 120 58 56 
159 184 52 88 81 168 149 229 219 182 157 109 161 140 
232 112 50 74 156 197 29 18 231 56 6 202 169 120 
248 29 109 49 253 195 158 117 236 3 248 96 131 118 
60 252 181 13 40 98 69 85 166 34 148 250 68 229 
184 139 228 81 205 124 180 45 144 113 97 198 42 186 
136 145 73 25 110 17 117 204 240 251 162 199 189 153 
1 66 194 108 28 115 230 21 34 157 248 118 127 73 
229 20 176 211 47 191 86 41 154 118 137 208 41 133 
110 40 72 240 12 240 75 20 91 12 23 140 158 134 
31 82 243 212 147 38 41 89 211 52 209 46 42 241 
152 33 185 70 212 254 177 240 92 14 198 39 157 222 
224 125 234 65 19 10 20 152 209 198 59 81 94 54 
227 174 133 75 74 200 138 135 250 211 95 97 154 163 
26 235 9 111 167 178 174 214 186 229 9 31 8 186 
142 197 183 14 180 51 19 76 73 204 130 143 8 46 
186 11 109 184 49 169 200 74 213 241 145 75 254 45 
251 241 161 203 203 188 198 4 107 68 60 187 58 53 
139 168 39 152 42 181 126 84 242 168 1 244 211 3 
59 170 198 40 17 148 2 193 154 63 115 95 49 106 
104 97 200 12 140 24 127 152 23 41 117 127 69 50 
221 246 8 176 85 251 249 32 116 146 149 100 162 85 
166 105 45 43 255 7 153 88 108 40 55 182 233 45 
249 65 18 141 132 217 219 191 135 68 129 91 75 115 
193 124 140 6 71 104 136 18 105 115 85 33 21 32 
119 122 8 138 178 163 65 2 29 37 182 250 120 143 
69 34 191 189 237 208 255 90 62 165 105 164 14 110 
165 111 110 72 105 109 221 8 73 172 187 217 209 96 
0 39 209 227 45 188 248 250 131 41 164 90 115 104 
249 107 87 191 49 75 95 231 50 22 206 110 102 101 
102 90 199 20 32 15 57 73 33 115 29 177 234 79 
35 13 207 249 95 238 170 48 160 188 208 71 253 253 
68 134 176 212 43 205 40 200 128 122 89 199 9 141 
87 107 138 10 35 124 56 159 196 181 112 135 154 203 
169 174 240 171 168 22 208 3 243 121 27 5 135 48 
217 104 205 83 205 175 203 34 76 173 151 163 80 73 
18 141 201 127 210 101 51 167 96 231 109 250 164 167 
201 82 157 248 96 49 86 13 168 5 21 94 72 170 
213 77 42 49 246 10 210 224 52 180 239 121 214 193 
48 192 39 159 89 55 42 155 150 44 138 3 15 245 
208 135 188 123 216 229 123 245 134 198 96 246 181 226 
76 170 112 107 193 92 101 169 244 60 150 226 36 96 
82 124 43 8 100 101 83 38 138 179 106 30 41 136 
25 202 62 57 113 193 152 175 199 217 69 13 194 234 
74 146 178 213 151 194 35 197 57 192 179 181 210 255 
32 51 70 25 165 99 184 255 135 70 181 83 235 60 
174 18 234 200 172 118 231 148 63 27 32 181 183 96 
132 47 151 16 197 188 71 66 173 201 9 125 181 194 
46 32 212 143 138 1 149 95 37 85 108 164 51 208 
74 94 71 13 111 157 195 47 128 65 147 201 217 5 
27 251 36 188 109 222 42 218 192 34 234 53 30 246 
232 13 92 40 200 74 79 142 27 6 61 164 121 75 
146 118 208 30 212 193 251 188 217 85 151 35 56 189 
18 212 253 34 4 216 161 109 195 1 57 172 50 114 
237 183 217 97 172 19 59 28 30 22 99 74 218 76 
193 116 218 26 52 196 43 161 104 12 233 229 98 9 
107 47 89 234 187 176 200 12 73 102 193 8 224 68 
132 239 216 141 80 212 142 129 121 139 17 59 187 177 
30 218 206 236 79 223 58 116 143 214 109 211 209 57 
11 233 2 145 133 50 59 222 237 76 60 57 9 179 
22 184 166 208 39 146 46 50 75 131 125 27 81 114 
241 62 172 82 192 199 107 70 143 156 108 8 64 226 
204 139 11 196 161 223 208 111 236 86 171 97 201 229 
202 228 233 204 123 213 66 121 137 170 5 170 201 180 
209 211 240 160 38 191 167 68 28 121 226 153 85 109 
109 3 48 203 199 217 63 44 52 33 252 120 14 155 
183 7 92 2 211 6 166 142 50 29 7 189 238 78 
131 83 74 33 155 159 232 254 31 1 60 218 68 169 
64 22 246 161 105 163 111 14 218 107 9 179 217 236 
80 182 127 38 92 167 179 184 94 190 89 70 120 100 
198 29 210 245 119 26 234 197 3 200 43 97 79 200 
194 23 1 118 173 184 55 201 20 156 120 123 221 231 
235 106 123 11 198 63 6 142 10 77 145 14 110 188 
184 130 152 230 120 194 147 1 68 74 126 255 84 58 
129 178 65 162 6 52 207 253 37 134 9 251 95 119 
148 132 144 199 61 249 31 141 212 189 120 214 61 244 
188 143 196 138 182 165 177 119 18 106 28 66 201 59 
3 196 224 96 154 47 82 51 226 79 75 132 125 15 
150 61 193 62 89 66 11 147 0 155 86 239 119 213 
12 227 156 165 27 114 244 207 76 24 156 70 209 11 
131 149 28 192 215 125 248 177 189 224 210 94 69 222 
87 145 157 61 69 231 133 14 122 140 2 141 82 70 
87 74 47 181 49 134 89 217 34 224 9 212 80 49 
192 241 111 180 221 230 236 106 111 86 107 188 72 154 
116 99 83 193 105 133 39 213 188 32 219 96 94 172 
28 47 123 252 126 86 100 102 16 117 205 35 51 57 
56 248 172 37 177 22 247 146 188 64 222 244 140 43 
75 96 117 42 91 75 164 11 179 149 14 59 23 198 
166 49 57 151 211 10 206 180 33 113 231 192 55 194 
127 153 9 111 80 222 78 162 236 175 53 36 8 180 
83 125 27 97 224 93 40 120 36 58 215 207 44 59 
203 83 193 85 48 77 155 180 147 228 209 92 247 227 
148 16 37 189 29 114 67 207 228 109 168 228 19 208 
239 254 58 59 74 84 68 63 25 151 170 193 188 121 
230 159 165 112 43 151 177 183 83 100 184 151 25 41 
99 228 136 19 61 202 179 58 13 202 167 201 100 255 
158 95 114 166 117 181 29 221 96 128 85 171 221 153 
161 65 230 91 254 127 107 76 234 186 255 0 188 189 
210 59 54 13 223 86 93 114 102 228 136 178 157 149 
184 160 163 90 39 85 181 201 36 190 164 196 29 87 
134 85 254 53 172 221 186 74 213 110 38 229 161 117 
14 120 73 156 131 158 140 238 114 92 237 60 123 167 
27 192 255 39 177 1 123 59 31 246 21 61 232 110 
117 7 15 176 214 182 203 94 93 174 130 159 169 222 
245 124 171 69 185 139 184 180 230 203 220 214 19 208 
114 111 129 32 241 225 150 220 9 244 141 163 239 214 
109 179 245 97 55 81 93 157 100 108 111 134 142 125 
201 15 110 177 247 102 6 74 67 122 31 66 206 187 
246 50 224 32 51 115 125 111 26 131 57 185 5 170 
77 35 18 221 233 237 25 226 204 172 225 181 19 218 
147 43 78 145 110 213 217 148 189 39 106 143 6 217 
230 160 133 142 121 21 216 180 229 120 252 171 26 201 
120 41 8 10 216 221 177 1 93 82 130 57 243 23 
227 74 99 29 13 90 202 96 27 228 74 201 100 184 
255 83 9 67 53 110 202 17 216 161 30 144 43 114 
130 23 189 138 17 38 154 21 85 240 190 104 93 22 
207 230 15 182 11 36 192 164 127 75 2 247 121 190 
189 200 65 253 130 54 4 202 27 173 17 138 103 105 
72 237 101 53 206 209 142 121 6 100 104 115 189 137 
88 197 165 126 183 48 5 187 41 159 174 29 42 103 
49 67 234 205 79 57 91 201 177 83 136 9 218 92 
40 57 89 240 115 130 67 39 52 80 224 116 32 89 
165 204 102 219 98 10 135 36 189 146 104 88 223 52 
166 111 109 84 41 125 186 72 252 54 59 2 91 177 
59 239 14 108 207 30 246 145 13 165 230 119 121 65 
180 108 192 60 143 178 169 148 146 199 72 89 154 233 
117 87 85 218 124 245 156 225 22 93 3 17 152 221 
174 205 107 141 102 140 188 51 235 218 116 99 140 160 
107 235 246 164 216 110 74 83 13 78 114 191 97 207 
180 228 109 122 135 47 123 192 166 65 59 224 100 240 
184 11 63 142 139 197 183 110 78 142 97 165 84 194 
55 14 151 190 50 145 242 68 27 164 145 33 158 17 
165 12 160 250 92 210 210 27 16 176 134 80 191 0 
194 87 187 25 147 214 162 112 164 160 145 3 15 52 
149 247 115 135 98 127 71 3 72 1 110 207 98 116 
11 81 17 13 150 241 168 26 48 32 105 46 51 153 
177 126 14 231 111 139 80 40 218 1 2 16 100 223 
58 49 233 217 237 121 45 251 5 252 133 142 179 243 
212 63 7 5 185 126 190 198 7 37 91 126 118 90 
121 43 152 182 95 201 14 167 213 208 251 18 54 255 
185 61 199 88 203 237 71 108 19 203 199 216 69 12 
188 16 156 81 83 91 204 204 4 31 55 165 106 95 
99 156 82 130 172 239 18 86 54 126 28 84 38 45 
210 38 18 138 156 102 181 176 56 169 232 107 82 188 
206 156 85 45 78 223 128 13 198 108 60 245 253 59 
173 71 90 108 135 182 84 229 35 9 42 61 210 27 
212 217 113 39 57 84 61 66 162 36 233 41 111 123 
238 61 9 108 35 204 23 79 141 146 245 102 120 128 
97 193 198 188 120 94 136 232 226 149 203 167 73 179 
180 93 15 230 208 55 64 89 165 108 197 159 141 194 
219 85 196 83 196 3 191 145 188 68 191 136 47 39 
167 99 41 212 10 50 14 115 137 234 139 73 92 173 
204 36 46 76 240 250 46 11 186 205 99 164 137 209 
63 142 138 209 120 126 44 207 19 47 212 235 194 95 
211 134 111 26 149 166 25 58 26 156 223 47 170 229 
90 252 197 79 48 130 90 92 230 1 57 235 246 220 
201 21 34 156 254 86 7 56 134 237 245 148 67 133 
254 71 254 20 77 161 90 4 186 237 6 145 155 243 
55 114 220 193 86 187 82 171 245 2 76 145 8 192 
107 96 82 251 180 219 29 34 228 156 46 57 3 85 
248 53 60 92 16 170 236 103 225 163 249 148 161 209 
101 172 132 233 35 168 47 71 41 116 111 215 198 244 
43 53 54 69 151 19 116 69 171 220 79 85 212 150 
192 93 233 13 123 17 96 46 196 115 194 177 132 153 
92 251 156 177 56 66 121 66 75 242 232 181 240 79 
44 19 149 92 79 16 180 252 181 73 6 88 247 202 
243 128 238 211 76 85 13 220 60 166 244 214 124 153 
67 180 199 77 172 42 142 189 77 180 236 232 60 219 
220 47 99 180 170 254 142 169 167 174 194 123 33 170 
209 136 146 209 43 74 24 28 247 33 37 129 98 82 
120 23 55 79 76 122 177 57 207 113 141 163 213 206 
98 153 206 150 53 224 245 98 72 128 203 5 52 128 
196 111 55 241 64 210 207 46 188 3 136 97 74 34 
18 73 62 125 150 59 43 178 74 103 14 20 68 93 
200 80 140 208 210 81 116 153 44 96 44 254 150 144 
145 53 3 89 70 36 75 131 6 107 32 69 56 164 
67 175 196 233 247 69 38 151 183 237 193 82 36 11 
117 74 65 234 115 188 226 94 80 187 98 167 89 48 
149 153 39 32 253 250 115 45 65 44 43 96 218 11 
196 37 16 25 211 151 37 217 215 254 208 120 89 150 
237 178 56 147 114 244 62 97 165 190 246 48 140 76 
194 176 165 117 40 25 216 211 109 111 170 36 101 4 
179 240 137 62 82 109 74 154 159 159 165 241 161 195 
248 251 194 238 20 17 127 242 147 55 100 129 108 89 
56 149 196 213 117 14 7 58 251 157 56 79 4 226 
133 88 91 209 31 148 201 90 72 10 208 73 174 134 
156 107 247 222 55 242 157 121 252 26 252 18 78 13 
169 186 138 4 6 28 57 176 19 5 139 216 135 36 
1 67 32 14 105 216 55 132 15 4 151 249 50 92 
143 79 181 132 70 226 23 79 79 199 165 39 125 86 
238 176 249 229 120 168 145 215 177 18 83 214 40 147 
91 92 253 28 233 120 151 201 183 207 148 9 137 225 
6 0 5 141 220 41 197 215 158 64 171 234 94 95 
116 89 235 103 144 170 71 161 49 21 91 165 163 137 
234 123 219 240 196 1 82 180 60 140 20 130 219 210 
19 78 86 8 194 151 190 71 223 236 247 52 144 175 
107 224 178 25 255 237 110 126 71 243 13 210 245 33 
13 109 152 40 116 11 131 84 100 23 10 252 240 41 
245 29 46 205 46 66 141 134 189 167 105 18 246 157 
221 240 241 48 217 32 59 8 116 42 203 141 131 97 
56 79 106 105 41 164 50 247 12 147 220 216 11 240 
245 53 59 201 107 21 23 1 159 35 46 59 187 178 
24 249 70 254 174 5 246 180 123 17 197 181 109 154 
70 23 208 18 58 109 125 61 95 73 79 220 136 255 
215 137 242 171 81 226 214 117 214 233 59 19 211 171 
14 144 185 32 116 76 246 83 95 69 37 194 96 148 
129 8 188 59 160 185 193 29 94 142 90 78 23 194 
226 141 25 187 54 15 88 237 14 127 100 252 141 66 
153 32 22 255 149 206 98 95 240 149 207 17 39 70 
251 18 216 87 146 43 53 137 100 187 179 201 187 182 
2 84 235 238 66 31 42 145 116 118 162 243 46 227 
197 142 147 81 225 72 131 113 244 244 15 93 193 26 
48 124 35 251 184 165 162 208 136 135 68 83 4 72 
165 128 196 108 74 157 140 249 51 120 127 216 175 240 
143 127 117 182 56 205 239 85 110 53 217 112 212 31 
11 75 46 139 147 142 25 248 7 69 250 132 26 42 
52 84 108 39 158 54 167 23 52 133 199 205 12 78 
185 87 140 176 40 131 219 137 148 163 149 79 164 142 
195 59 189 231 10 173 211 162 34 204 127 195 138 108 
82 105 122 54 106 12 26 2 66 3 241 136 206 73 
160 56 200 128 208 102 69 54 105 170 139 104 4 135 
38 68 164 74 57 51 160 53 19 23 228 221 2 209 
90 209 108 7 162 124 27 36 9 77 217 160 185 21 
61 129 45 176 196 34 232 231 35 51 103 149 220 1 
84 9 16 247 252 172 148 101 3 227 71 129 86 55 
162 172 98 180 144 246 132 142 128 227 192 11 185 112 
181 156 238 81 208 77 19 125 193 96 111 236 43 53 
241 159 160 110 199 226 204 80 45 206 240 107 131 17 
147 125 163 242 116 148 113 143 194 115 180 105 143 55 
36 35 131 58 195 135 205 56 113 202 95 176 187 17 
91 141 245 51 200 6 136 193 138 195 140 68 145 65 
154 197 80 119 219 147 113 186 101 64 199 222 200 237 
132 158 227 199 172 61 253 210 201 110 17 230 225 114 
104 247 165 128 109 153 235 105 190 194 94 124 127 210 
116 167 243 210 161 224 77 249 203 195 195 117 253 125 
229 104 95 232 45 48 102 247 215 235 72 85 242 58 
179 73 184 70 190 221 27 1 32 63 160 175 159 103 
112 164 204 250 173 79 238 111 2 119 60 112 126 197 
79 131 162 131 214 233 184 163 140 198 103 3 103 131 
133 239 18 113 44 232 158 175 16 163 117 77 15 85 
143 177 10 46 232 58 244 35 49 36 40 241 197 172 
0 95 224 116 163 195 11 40 30 199 219 98 183 109 
219 203 125 81 199 132 36 47 251 196 16 164 42 194 
176 57 83 213 13 157 241 217 163 50 115 214 111 203 
235 220 73 181 10 49 116 244 76 175 116 206 112 103 
31 142 43 138 247 130 29 138 183 70 4 124 44 68 
48 193 70 124 55 229 111 129 233 199 27 196 134 250 
161 21 47 108 73 103 155 69 166 212 11 18 38 225 
128 35 231 2 43 49 204 97 37 69 209 219 96 212 
155 75 222 47 84 12 32 27 181 185 226 187 100 55 
5 183 129 246 205 151 123 115 76 112 41 2 30 195 
22 202 87 162 28 17 186 20 52 186 44 187 140 11 
104 180 218 180 243 191 241 13 83 160 145 160 124 197 
132 231 139 40 230 87 182 119 197 157 131 115 234 39 
57 150 245 230 148 248 176 82 189 115 157 175 121 5 
209 143 161 119 5 153 210 60 235 136 101 156 190 119 
162 18 29 91 48 242 25 209 208 78 141 26 76 27 
174 99 169 144 226 74 164 207 214 159 93 199 202 103 
77 89 48 39 125 185 118 95 250 24 32 84 132 128 
25 18 134 255 75 178 75 7 109 217 110 21 28 129 
146 145 46 252 84 245 67 53 126 50 156 58 125 80 
49 247 22 84 253 68 84 102 157 35 197 51 25 66 
230 145 2 200 219 97 189 78 99 186 30 42 12 68 
57 244 163 225 116 67 239 147 225 184 159 154 203 62 
128 220 143 143 243 138 173 251 159 1 31 101 99 238 
234 142 142 182 242 150 83 21 18 191 119 5 108 117 
77 225 254 139 228 202 119 200 127 74 72 162 69 55 
253 73 58 218 206 231 110 81 113 38 117 50 51 244 
22 113 71 131 71 132 94 147 90 196 120 243 113 23 
249 69 55 204 255 3 210 198 243 191 19 221 94 175 
240 129 254 104 53 160 26 234 118 202 18 221 72 148 
58 26 177 58 232 109 220 136 204 153 17 250 128 157 
229 34 96 54 174 74 156 165 58 91 140 178 193 253 
67 241 23 0 102 68 38 251 63 161 156 50 13 22 
225 189 158 10 76 231 32 197 150 213 53 51 143 104 
69 228 15 99 24 88 48 209 164 122 186 161 35 106 
223 148 105 127 41 89 117 141 176 246 70 99 144 105 
240 152 154 143 238 136 74 70 186 153 249 206 155 195 
84 118 190 79 13 116 137 222 209 20 44 174 121 21 
121 25 132 79 245 94 197 154 47 164 89 236 80 60 
220 193 244 39 220 192 56 216 142 155 20 58 192 55 
236 245 15 13 97 238 90 208 109 12 119 79 175 66 
36 158 3 202 64 112 86 174 59 200 185 141 203 209 
179 156 224 9 220 235 219 165 167 234 250 50 128 43 
23 120 23 105 147 163 251 202 141 165 106 97 87 214 
104 247 42 221 14 11 24 212 37 23 67 167 243 21 
77 189 85 66 15 219 14 34 142 69 95 196 42 38 
216 71 25 49 109 157 20 137 204 143 80 222 238 1 
176 217 236 120 57 187 21 217 198 65 61 116 253 202 
87 64 129 187 71 104 105 35 241 7 242 155 150 48 
112 113 96 50 139 5 59 26 167 114 231 121 164 113 
75 103 200 123 13 199 249 46 95 205 48 242 28 190 
42 220 19 247 97 211 163 49 58 241 136 3 128 43 
244 168 17 53 225 3 215 160 166 224 250 70 201 125 
84 231 21 73 38 20 236 235 9 76 222 134 39 102 
122 60 170 46 99 241 117 83 167 81 18 129 77 20 
236 202 45 128 191 74 5 48 76 11 200 21 81 38 
57 186 184 43 185 204 15 195 93 217 56 148 68 88 
98 101 40 234 56 131 50 223 87 99 19 252 6 136 
80 123 33 167 221 84 87 10 238 187 150 50 10 234 
194 192 97 32 173 150 95 234 68 57 129 161 6 121 
104 52 187 85 44 39 98 25 242 220 107 201 193 18 
38 194 145 171 124 159 165 178 221 90 27 156 121 179 
194 206 179 214 43 96 210 56 3 33 250 194 159 219 
92 49 217 216 169 189 27 164 204 248 185 21 216 250 
132 137 63 187 156 111 70 192 133 9 181 250 125 111 
211 235 13 216 145 10 223 21 6 105 207 94 27 149 
68 81 136 189 193 56 255 23 183 139 166 128 158 182 
203 99 67 27 212 219 100 91 116 28 122 209 37 15 
214 96 210 60 239 111 211 237 251 49 31 144 188 42 
189 94 157 239 124 58 253 45 228 220 203 236 108 46 
83 21 238 246 87 50 87 182 98 118 163 208 89 253 
9 238 83 84 114 161 170 60 48 73 83 171 237 52 
106 20 225 10 17 232 73 104 123 93 20 203 68 110 
223 176 4 35 35 249 35 18 173 147 239 38 79 86 
235 159 214 44 106 90 59 118 93 83 30 171 106 104 
111 66 62 96 111 211 35 43 215 121 213 107 86 122 
145 52 65 42 112 16 135 12 243 71 227 59 223 93 
85 8 75 219 210 229 247 83 59 130 223 158 140 53 
16 104 86 159 187 239 111 141 136 7 231 28 44 98 
63 33 62 14 214 199 70 63 164 122 24 79 42 4 
96 3 169 246 125 16 147 74 147 221 63 70 219 139 
224 164 62 51 184 239 35 110 137 48 133 27 77 202 
72 92 38 163 205 226 152 132 196 107 246 195 65 136 
26 31 18 164 89 235 81 66 183 111 53 134 86 139 
45 247 53 157 48 131 23 165 78 196 192 167 140 129 
103 81 238 120 105 222 213 90 59 58 139 24 162 103 
29 93 38 31 105 91 196 187 119 203 227 83 13 47 
137 39 125 91 207 61 194 51 146 76 203 182 108 217 
23 60 226 160 130 251 223 53 95 208 98 235 198 61 
115 245 47 174 91 203 64 0 20 208 228 67 255 49 
157 191 213 16 27 54 224 226 13 105 107 21 55 221 
119 246 197 223 175 211 223 198 158 92 125 120 32 79 
125 48 22 85 243 126 94 39 192 143 3 244 102 174 
176 7 26 11 107 165 27 187 127 52 67 1 186 163 
219 204 217 5 180 128 65 127 115 249 240 101 45 206 
178 160 52 210 152 83 48 225 166 190 113 217 204 98 
131 230 24 101 3 3 41 57 178 189 231 121 200 58 
113 19 139 123 87 172 31 222 10 64 160 231 144 9 
110 63 124 163 200 253 30 109 157 37 247 50 158 110 
111 9 152 73 203 121 1 30 89 225 209 217 237 23 
147 165 145 80 187 247 121 64 58 207 53 130 80 59 
42 57 161 28 67 248 140 44 228 223 184 64 32 7 
239 203 43 33 48 164 18 89 255 9 169 129 0 227 
197 107 196 75 172 150 227 78 202 13 75 237 166 141 
215 104 20 230 36 189 171 163 160 107 121 237 227 123 
246 173 67 193 55 241 162 96 100 145 139 140 108 18 
126 148 247 202 135 31 157 69 21 181 85 232 10 130 
48 212 15 87 71 14 42 242 241 220 146 127 58 114 
194 95 145 205 204 39 193 224 240 236 35 238 109 190 
17 55 151 114 157 214 42 165 131 234 222 253 93 244 
59 178 22 128 175 77 161 8 222 176 235 21 57 87 
14 167 210 221 199 215 110 194 42 187 220 107 148 138 
134 106 226 0 70 0 224 4 123 224 4 137 91 54 
93 178 139 232 198 57 237 28 95 17 185 250 62 74 
207 179 97 54 75 194 231 202 90 114 128 70 77 160 
35 25 236 194 255 254 13 40 179 108 101 130 193 45 
157 163 64 76 168 132 210 53 85 140 214 24 32 14 
223 142 78 20 100 127 57 91 185 67 232 158 61 7 
226 23 214 115 68 68 154 138 18 231 207 209 203 80 
22 179 64 222 227 36 165 196 48 133 233 9 115 199 
67 211 205 212 14 228 132 42 214 101 179 201 179 226 
64 80 213 151 15 99 97 234 117 79 124 56 240 241 
164 212 21 212 71 77 201 153 142 240 180 156 122 142 
243 212 51 128 13 251 157 231 41 239 43 56 126 89 
248 249 10 140 20 197 135 176 27 150 155 31 13 68 
79 15 89 72 194 114 59 198 31 26 72 203 204 33 
72 211 228 136 67 142 232 30 223 227 177 163 233 54 
169 46 49 230 59 204 155 26 136 106 115 190 92 245 
1 200 96 191 93 192 145 37 133 127 240 111 173 55 
123 247 214 179 93 142 162 224 98 27 103 141 173 133 
130 111 173 211 238 104 77 146 21 8 107 119 229 85 
140 70 39 199 206 242 12 151 30 6 9 58 170 67 
229 40 153 139 17 225 250 254 55 50 251 98 21 180 
92 200 140 151 35 108 244 157 144 222 179 105 83 95 
14 250 253 142 63 115 181 68 199 29 44 188 5 174 
211 247 8 204 75 94 162 205 28 170 189 193 171 1 
242 178 102 97 88 42 66 66 154 246 103 119 77 42 
41 86 128 101 59 24 148 86 31 131 78 127 225 198 
42 57 5 164 242 249 190 212 144 209 97 168 33 58 
24 238 74 16 219 20 207 222 156 143 97 92 194 124 
184 54 217 136 226 15 136 14 219 198 195 128 93 248 
65 8 249 198 49 111 103 216 41 61 27 161 95 34 
24 229 27 148 9 121 108 186 142 75 27 137 212 162 
221 45 104 166 204 170 77 34 24 195 76 137 250 27 
139 55 234 154 97 250 18 18 105 209 2 34 213 243 
165 91 5 19 116 162 89 227 233 213 67 215 55 178 
160 43 56 244 72 39 167 190 227 162 143 61 255 197 
3 138 96 17 16 205 151 163 240 168 215 183 128 211 
3 108 245 3 11 199 202 17 121 249 252 88 71 229 
122 95 244 221 215 184 215 172 67 39 178 218 185 7 
138 43 122 234 182 105 185 128 55 99 152 186 71 54 
83 46 52 203 187 190 111 161 231 116 224 205 38 177 
125 63 55 135 27 70 189 99 132 87 237 239 201 10 
138 54 218 101 19 10 83 93 59 162 153 154 153 136 
38 123 161 179 33 90 211 239 50 17 50 134 148 188 
248 25 108 193 136 207 89 14 164 178 76 162 224 85 
154 79 86 186 79 190 156 116 198 179 243 9 118 146 
193 154 15 35 66 198 198 146 122 203 236 186 110 238 
198 162 147 30 153 72 135 212 4 158 255 61 146 211 
1 155 144 211 83 233 28 17 51 189 127 132 72 115 
189 239 217 136 106 102 61 68 190 14 146 156 236 36 
178 86 176 65 99 110 39 220 206 185 228 16 51 200 
64 159 218 15 241 56 77 70 223 245 196 16 51 40 
225 219 176 87 157 7 70 133 131 74 228 179 28 83 
143 167 170 173 177 236 24 231 179 26 50 242 205 88 
18 202 29 30 218 88 247 64 169 152 125 40 199 247 
111 98 35 255 68 95 0 53 121 114 235 66 41 31 
240 82 222 149 13 186 167 121 231 221 106 229 188 80 
124 177 153 60 111 241 205 4 43 190 157 40 64 58 
57 106 123 206 239 47 184 182 159 39 246 192 111 48 
177 80 191 120 108 168 96 226 141 102 0 172 109 78 
233 78 176 74 236 165 210 175 151 80 3 194 175 91 
53 123 218 26 115 137 155 88 116 149 131 178 112 203 
166 61 50 151 77 111 111 172 234 60 86 75 81 127 
104 194 36 156 138 51 143 99 88 150 54 56 189 1 
108 113 192 39 166 0 161 32 47 82 37 104 29 119 
46 41 131 130 142 189 232 51 29 110 248 211 10 129 
122 96 110 116 130 234 39 131 232 61 227 113 248 192 
123 132 107 157 131 210 151 34 31 187 226 104 23 183 
124 50 46 82 78 23 176 116 45 228 75 230 84 60 
31 18 17 129 24 10 190 248 124 204 243 39 192 197 
250 130 160 147 131 71 111 15 153 167 171 139 213 38 
212 88 210 68 126 140 224 93 166 1 253 206 66 161 
1 89 27 225 24 203 223 140 117 219 114 194 69 86 
134 64 226 121 107 226 74 158 40 101 207 28 202 114 
16 104 252 216 39 128 216 26 36 137 253 41 187 182 
226 114 57 109 106 27 188 165 184 138 164 147 68 40 
69 133 46 100 222 14 211 250 207 99 159 117 6 5 
34 242 187 160 101 40 93 51 126 165 204 114 98 90 
200 105 251 90 170 97 122 223 81 7 239 142 96 203 
22 252 167 135 116 112 222 97 163 235 153 242 235 101 
120 168 18 90 158 104 116 133 101 120 86 236 80 157 
119 28 66 128 232 182 237 86 30 42 140 192 70 195 
213 240 216 228 41 14 111 145 15 218 216 48 224 146 
104 145 196 22 147 45 220 74 187 171 193 188 70 169 
46 135 243 184 249 119 110 168 72 109 34 7 1 5 
78 228 130 119 91 216 147 187 109 72 152 241 56 228 
12 255 21 115 42 124 84 211 237 205 212 59 59 141 
210 196 93 51 255 40 179 238 213 201 166 212 42 245 
221 60 6 104 180 104 178 18 234 104 17 27 153 58 
51 37 108 54 40 209 12 170 18 132 219 193 126 107 
229 169 245 188 20 244 205 63 163 63 69 14 212 18 
210 153 230 8 179 236 65 48 203 53 245 178 176 128 
98 182 0 198 56 129 244 38 163 225 55 114 191 204 
248 237 82 68 62 83 186 125 123 26 36 66 101 248 
255 149 1 165 177 150 0 226 136 166 79 186 243 203 
234 8 242 86 241 57 203 196 253 83 255 227 180 54 
124 54 155 35 20 153 44 122 46 40 41 200 187 94 
47 0 108 122 142 9 34 39 88 121 167 91 184 161 
155 128 133 201 177 210 23 188 27 8 90 136 66 54 
32 127 187 242 188 129 118 182 204 126 57 133 86 54 
77 209 23 67 120 157 23 90 43 223 129 206 251 40 
178 85 85 134 144 15 110 170 29 196 122 70 76 110 
30 185 19 247 39 238 193 67 124 129 146 113 81 36 
128 94 158 66 93 107 208 226 31 129 190 205 123 82 
222 243 181 225 185 11 182 68 156 122 95 168 145 118 
29 151 141 107 189 118 235 157 130 82 25 16 117 220 
146 165 253 177 12 133 175 223 242 194 103 165 20 60 
152 123 158 194 224 82 70 122 224 29 202 131 74 144 
154 216 59 40 209 120 204 107 106 196 228 113 177 40 
80 163 247 253 21 195 138 174 4 45 229 26 144 92 
35 58 221 175 186 4 25 109 101 143 15 8 98 119 
249 158 222 131 150 197 174 133 125 136 63 130 177 173 
208 19 117 58 222 11 98 55 224 90 182 180 53 50 
239 14 91 104 153 111 97 28 100 148 159 156 121 211 
164 134 14 92 112 45 56 191 228 62 1 174 118 164 
187 4 41 168 148 7 189 93 106 234 34 59 224 151 
51 10 177 171 161 2 68 193 45 48 129 243 27 27 
228 158 227 168 207 102 41 59 37 122 239 31 20 25 
10 40 50 86 210 150 204 24 30 61 122 100 112 227 
247 223 108 234 48 142 143 47 155 225 29 49 202 240 
91 118 64 4 255 42 131 89 229 10 115 34 3 128 
217 206 159 15 67 138 191 242 16 7 226 0 199 125 
237 211 173 240 104 41 150 178 234 138 251 41 210 44 
77 210 56 19 137 134 36 124 13 252 253 124 170 144 
68 229 250 66 130 105 243 2 126 2 189 43 180 145 
193 77 3 197 3 47 166 62 177 20 101 242 252 62 
12 208 38 177 29 164 220 57 194 59 199 174 5 199 
94 119 67 132 254 77 222 156 60 65 51 73 122 1 
204 57 184 87 214 54 173 242 213 6 22 105 150 144 
79 125 101 65 32 159 129 174 217 178 205 123 161 17 
200 123 11 212 191 24 234 79 66 246 103 220 212 211 
80 219 230 178 179 246 7 56 172 170 85 86 123 2 
55 40 217 166 78 29 141 21 168 89 58 47 55 87 
123 246 130 211 49 149 155 231 28 162 81 116 169 160 
166 195 11 200 132 108 141 9 171 119 39 77 238 194 
79 254 159 162 17 200 72 205 98 161 155 120 178 7 
172 188 192 137 94 62 178 137 27 15 101 64 201 209 
2 3 249 28 210 196 97 32 83 219 140 139 139 7 
208 173 156 175 129 217 153 110 100 15 152 207 102 217 
8 85 142 115 69 191 49 46 106 137 101 22 103 182 
183 211 83 205 33 205 3 34 54 148 219 86 160 126 
228 33 204 146 31 79 228 164 25 9 254 194 192 86 
147 207 117 226 50 110 98 253 117 34 14 230 53 179 
46 74 250 211 191 8 181 1 81 55 178 174 166 106 
200 158 123 50 211 146 166 229 100 36 97 158 182 242 
230 133 228 254 60 81 90 85 80 11 137 239 71 20 
224 215 19 105 247 139 68 38 13 166 33 73 180 188 
248 185 203 134 178 135 173 63 170 115 168 77 192 178 
177 36 169 238 85 104 137 143 243 81 195 57 41 84 
15 149 140 0 206 85 156 38 155 114 247 60 35 184 
204 3 54 133 147 104 30 206 251 168 47 98 36 184 
159 115 15 228 152 82 83 182 140 122 17 25 201 208 
41 190 77 41 174 191 219 13 152 131 78 187 185 225 
46 108 243 136 129 220 167 158 227 7 112 167 217 48 
18 169 99 40 173 141 208 205 55 201 214 209 40 60 
226 189 119 89 173 53 198 136 16 125 218 201 25 60 
77 155 94 128 135 28 145 3 234 113 85 173 77 104 
80 89 172 92 130 220 29 90 213 67 6 129 245 93 
142 175 97 122 81 90 195 113 88 187 125 232 72 50 
132 207 217 230 113 46 138 172 213 33 148 42 205 32 
28 60 215 132 172 150 228 71 228 171 175 12 109 206 
76 95 47 151 4 61 196 137 96 215 44 241 132 147 
194 17 190 84 110 126 95 251 29 199 202 46 110 87 
202 88 174 157 41 240 7 106 126 255 244 154 70 220 
248 246 54 58 144 89 208 101 102 18 53 201 199 138 
58 180 87 39 189 93 4 111 58 36 56 113 153 27 
83 96 74 198 88 130 148 31 230 72 42 221 107 191 
0 246 148 39 92 99 8 224 48 35 85 142 167 130 
42 117 254 155 200 37 149 28 179 92 70 73 173 40 
245 68 228 76 104 139 107 229 89 194 231 77 202 179 
139 64 153 147 70 61 84 134 58 47 78 102 113 77 
243 192 203 63 88 32 59 130 23 143 51 13 89 89 
93 53 52 20 140 206 56 221 242 147 68 229 147 200 
158 45 249 29 67 141 42 214 124 251 215 41 178 10 
214 231 131 177 211 95 22 78 66 128 171 234 151 61 
118 191 186 54 173 247 181 148 224 183 176 52 137 92 
32 9 228 5 59 187 0 81 175 148 22 106 147 157 
27 66 158 4 145 28 151 193 162 79 12 121 111 70 
71 163 166 204 126 233 82 134 74 209 248 193 90 156 
223 111 105 111 175 107 109 176 62 5 18 179 166 186 
102 150 155 67 214 105 251 210 89 146 167 152 235 112 
146 138 61 63 23 101 171 60 144 239 110 9 36 128 
19 82 224 194 43 177 9 181 69 207 177 246 25 205 
137 64 6 226 246 51 191 69 103 84 65 77 229 86 
8 214 236 152 130 232 121 238 196 147 100 164 124 29 
240 192 38 96 161 136 131 109 77 68 71 117 118 69 
18 234 215 38 162 225 61 82 71 187 152 198 151 4 
82 25 98 155 223 185 233 19 150 119 74 90 191 70 
63 152 237 63 8 90 142 233 166 240 192 184 74 19 
102 211 13 204 123 26 225 145 167 104 200 176 16 21 
68 241 115 192 14 118 115 75 10 231 49 38 123 204 
28 209 116 58 11 156 143 178 137 178 224 70 111 85 
44 253 185 107 87 121 146 58 28 215 177 112 1 215 
232 102 137 61 250 165 171 119 174 170 131 127 33 230 
72 3 96 9 126 196 54 128 108 60 67 60 209 131 
78 182 211 115 221 48 56 11 2 61 216 17 119 131 
82 251 237 192 255 16 162 11 36 203 50 93 108 128 
175 79 149 65 243 37 105 3 53 12 240 253 219 160 
228 81 143 177 101 238 149 71 238 181 92 227 136 219 
83 8 61 142 253 250 208 219 72 198 171 207 27 130 
25 220 46 214 181 127 30 188 35 32 193 131 253 58 
183 26 16 187 65 139 201 174 86 198 234 23 244 160 
129 30 181 27 27 112 162 232 53 227 75 42 243 89 
24 125 21 230 218 55 38 53 165 238 246 39 226 58 
75 190 160 187 212 58 43 94 94 129 224 221 74 196 
63 133 63 96 66 60 28 2 237 194 49 15 39 55 
174 67 200 222 91 152 243 32 138 105 166 212 75 215 
143 189 222 108 34 84 110 254 232 200 252 214 26 68 
153 18 110 112 216 72 49 58 131 108 150 214 141 244 
78 3 72 57 88 145 216 33 27 32 232 251 178 42 
155 170 135 68 197 6 35 160 92 127 68 215 41 4 
48 229 195 35 74 117 190 113 227 96 32 44 82 112 
20 31 71 105 227 198 92 74 31 179 237 208 34 48 
42 60 183 38 106 86 22 61 195 178 22 69 215 50 
158 213 240 204 92 49 80 141 186 113 194 222 14 224 
117 7 17 163 10 241 147 155 236 48 109 140 224 64 
182 126 221 15 58 99 29 188 39 251 116 159 10 245 
225 137 250 87 99 77 19 31 13 127 39 42 93 123 
175 86 202 169 8 228 156 0 220 32 0 201 222 67 
92 166 186 152 224 210 75 222 94 170 15 238 91 109 
217 157 102 64 198 228 168 117 114 62 189 12 108 82 
194 122 231 210 175 170 178 163 231 66 106 62 14 39 
238 86 27 67 19 187 174 134 153 126 163 42 94 86 
231 60 210 66 138 88 171 112 22 180 218 94 32 95 
189 63 28 203 150 160 118 138 60 75 222 85 16 107 
227 82 51 242 195 151 246 56 129 234 146 228 57 202 
26 16 177 180 173 168 48 159 240 19 147 201 187 22 
157 181 19 245 143 116 89 219 248 37 192 123 207 184 
5 248 191 247 90 2 194 198 163 67 241 169 228 249 
155 136 250 228 148 175 138 98 207 25 56 217 47 238 
25 85 155 74 106 114 81 64 130 125 124 31 5 214 
8 243 91 152 181 79 96 124 106 74 93 251 205 200 
56 179 16 251 231 12 13 41 42 27 150 175 122 199 
6 70 60 42 28 133 59 58 10 167 85 168 200 143 
117 8 174 9 193 51 66 83 20 233 79 220 174 187 
55 75 42 40 137 195 177 7 214 101 110 37 193 23 
65 46 86 132 184 209 157 100 59 31 110 254 134 52 
134 235 93 26 219 28 122 234 45 31 203 52 222 157 
218 161 3 40 141 215 187 51 15 157 192 98 14 64 
59 5 39 53 221 223 158 255 43 43 83 84 25 225 
241 123 219 53 105 248 248 96 159 107 160 164 98 182 
63 138 162 94 82 111 221 52 122 62 219 52 206 127 
155 173 118 145 141 162 118 51 2 112 199 74 224 178 
172 222 154 98 67 101 95 65 90 68 146 120 133 147 
123 127 109 32 60 62 107 183 6 114 86 161 140 83 
153 107 184 116 136 233 157 234 244 121 174 176 252 140 
45 74 39 99 230 169 176 23 28 79 33 220 196 179 
35 134 241 231 149 77 144 120 219 205 85 150 121 81 
245 116 224 80 150 242 135 56 131 122 62 107 37 39 
192 135 47 45 135 235 24 117 228 119 206 135 78 146 
169 173 251 114 157 85 173 152 181 184 207 153 188 185 
192 36 61 16 111 65 175 167 40 215 233 68 173 113 
220 105 137 65 128 121 161 102 15 27 12 106 114 227 
36 15 248 48 221 75 78 80 86 145 172 235 174 82 
76 158 25 196 32 230 51 226 196 64 148 180 178 142 
164 208 181 189 176 33 160 165 62 231 63 48 158 255 
142 191 194 101 41 201 80 247 4 197 244 123 92 75 
251 228 237 118 30 209 102 140 155 87 26 225 139 0 
248 248 111 19 189 236 12 22 104 14 121 146 238 208 
118 22 48 226 255 126 42 154 33 117 109 153 13 57 
207 172 107 159 97 240 240 86 161 58 51 111 241 181 
188 29 72 205 94 186 40 76 200 11 208 195 86 197 
178 44 45 80 39 205 134 202 98 96 74 79 162 112 
224 120 172 6 66 33 121 133 87 112 44 211 125 19 
71 185 100 200 29 141 35 35 139 14 133 140 227 143 
164 135 41 88 186 56 130 73 51 38 233 192 7 63 
36 189 70 28 246 68 245 135 151 3 24 58 97 53 
16 234 204 198 39 132 156 184 106 183 89 197 183 178 
0 70 22 47 248 83 76 176 71 44 174 8 6 215 
52 30 18 11 206 238 5 77 251 208 101 89 151 253 
27 195 244 79 38 222 45 72 144 221 183 86 161 56 
57 85 84 82 158 86 7 88 104 159 118 108 71 243 
234 3 234 19 174 139 21 132 195 82 244 147 212 163 
175 151 108 50 62 118 103 185 127 106 167 228 133 5 
8 107 51 115 149 125 10 0 252 101 64 217 63 104 
18 23 173 236 91 249 17 224 100 113 41 87 254 227 
89 118 206 41 161 145 233 218 205 145 161 204 235 153 
158 215 2 233 48 220 1 2 227 6 246 10 84 80 
128 115 68 72 135 216 235 18 42 39 142 175 249 5 
84 128 101 110 86 5 116 156 245 235 186 43 112 70 
132 122 182 27 86 84 120 33 152 208 131 200 140 117 
77 123 131 162 205 34 81 45 144 236 254 75 10 75 
190 176 42 64 35 247 49 216 146 67 195 247 244 39 
62 84 173 195 76 197 210 48 180 189 150 31 118 18 
6 188 22 4 247 217 56 124 60 72 109 145 28 136 
77 80 3 165 198 189 119 89 179 21 78 119 176 86 
30 137 45 1 246 184 194 31 75 237 194 130 53 54 
19 77 220 107 61 183 44 17 192 11 209 126 171 243 
95 62 106 247 208 182 224 65 52 7 182 163 164 54 
242 219 120 137 203 21 186 52 187 177 218 52 215 71 
162 124 92 232 109 79 138 167 148 237 181 88 42 113 
153 152 233 250 238 14 107 9 60 240 158 42 241 200 
114 215 177 120 212 153 237 123 224 112 183 111 82 117 
212 208 62 190 19 7 2 130 222 163 120 125 15 230 
112 150 5 131 93 192 246 166 78 30 134 53 32 106 
153 85 242 151 102 49 218 181 206 247 214 22 235 34 
6 175 235 255 24 192 31 106 3 184 79 217 248 83 
81 157 149 5 217 100 93 155 147 1 101 32 111 112 
79 253 61 20 124 101 121 68 126 240 104 6 204 134 
100 26 186 127 115 59 168 8 31 161 121 201 130 202 
71 197 161 122 84 129 251 1 68 104 97 188 138 110 
7 222 33 244 220 112 124 235 23 151 191 61 18 22 
47 104 92 19 231 108 10 30 206 232 77 111 197 128 
74 111 37 129 37 123 104 200 95 228 38 224 99 58 
68 106 91 202 104 194 72 101 175 223 82 99 163 123 
92 232 103 116 220 102 53 115 234 99 11 203 151 125 
160 164 127 171 157 88 162 197 10 29 111 71 6 229 
34 82 188 130 80 243 146 14 192 168 163 138 125 32 
112 197 41 67 210 127 148 114 52 207 142 16 254 194 
249 65 84 69 34 241 1 69 81 25 174 20 158 61 
88 15 7 58 1 126 192 62 165 187 202 24 111 151 
199 178 45 249 13 219 2 200 249 74 90 11 133 224 
35 79 29 46 59 73 175 55 36 189 2 119 255 159 
72 36 184 119 246 179 126 10 211 158 118 54 79 101 
176 30 23 211 90 135 230 130 51 130 158 161 67 76 
151 245 202 114 55 30 118 56 195 28 216 60 116 17 
25 87 206 72 233 196 45 119 185 132 161 65 42 0 
251 255 197 241 40 192 236 125 190 142 16 162 213 244 
37 216 24 189 83 242 28 253 239 70 240 86 169 13 
245 116 7 13 239 218 18 117 93 225 79 8 6 253 
240 125 213 67 76 38 230 40 141 209 225 140 168 236 
135 247 147 236 138 34 178 239 162 185 146 159 221 95 
217 90 55 243 125 145 106 17 53 110 7 220 45 186 
198 251 254 253 26 226 221 231 9 83 18 238 59 36 
173 57 81 66 116 189 120 246 31 166 61 103 200 248 
163 97 157 118 114 84 216 195 211 160 241 199 26 15 
17 84 227 163 203 9 96 147 7 119 241 144 62 131 
245 76 237 11 225 61 67 205 143 159 29 132 216 184 
53 83 100 95 150 103 193 191 84 217 179 89 121 209 
203 72 66 241 59 201 140 241 233 250 137 134 194 226 
183 137 81 178 19 85 144 74 138 113 254 255 176 111 
241 156 180 19 46 166 148 184 183 229 141 240 228 31 
214 107 181 39 141 26 103 23 242 147 69 217 211 184 
193 236 71 147 195 100 159 133 65 51 154 160 16 168 
216 81 250 53 145 66 16 117 135 126 65 109 57 215 
44 19 90 133 51 12 129 15 209 186 34 111 45 118 
189 113 239 26 85 92 82 195 36 212 122 213 141 255 
9 63 82 231 237 0 7 31 123 234 199 170 194 165 
37 24 25 248 101 242 251 68 237 88 21 81 246 233 
156 77 135 227 228 18 164 139 47 168 195 208 195 11 
127 43 63 46 144 201 46 63 251 236 221 45 134 143 
106 104 111 73 30 232 93 115 252 112 151 141 154 20 
116 222 48 249 19 91 239 92 75 202 148 213 229 39 
60 221 9 71 122 143 247 187 167 171 248 247 121 224 
147 180 215 75 3 146 236 59 233 2 123 55 63 99 
114 66 141 107 193 93 95 201 108 78 246 8 223 160 
62 183 131 235 0 199 142 85 89 52 31 89 107 232 
138 199 82 220 240 12 89 128 20 180 110 93 105 45 
212 248 112 206 24 250 64 23 70 143 102 59 92 12 
240 219 255 212 197 21 109 124 56 189 179 45 220 234 
32 74 153 181 249 83 255 61 110 10 219 239 205 212 
8 4 246 97 136 74 15 143 211 40 121 140 111 220 
2 59 193 8 92 218 35 109 206 225 55 246 41 45 
122 248 254 93 28 184 14 125 15 46 2 226 94 8 
92 84 192 242 174 115 109 21 9 83 48 221 185 106 
189 0 47 172 70 188 63 244 73 96 140 166 172 13 
64 146 11 190 0 28 81 134 31 154 133 25 17 254 
231 142 35 181 60 99 106 207 102 194 249 95 55 2 
87 37 135 113 49 106 132 81 75 44 74 32 188 123 
