118 200 129 219 206 135 112 
97 245 119 160 188 197 247 
130 161 157 154 221 253 203 
110 214 227 254 252 213 246 
171 190 195 222 223 222 244 
238 166 147 212 248 148 238 
207 184 185 222 246 122 52 
217 183 251 230 255 206 204 
227 226 191 251 252 226 143 
157 198 162 254 204 233 160 
136 236 219 151 110 216 227 
161 198 220 234 225 173 233 
171 118 187 237 163 254 245 
249 139 148 200 239 253 155 
227 230 241 239 224 207 112 
244 251 170 98 204 172 227 
223 226 172 243 156 78 168 
237 184 93 109 200 207 91 
217 67 172 251 158 219 207 
247 252 120 223 232 232 252 
225 216 252 160 251 252 147 
228 207 228 159 111 184 71 
208 227 186 252 217 234 252 
239 154 249 216 245 165 239 
93 235 134 248 138 134 242 
249 237 169 176 167 244 65 
213 163 252 210 109 186 237 
243 205 165 58 184 197 170 
222 248 222 211 217 249 79 
146 241 203 203 228 238 222 
246 205 158 216 252 145 187 
206 194 145 196 141 181 202 
223 241 244 237 243 139 254 
147 250 182 228 238 235 232 
194 129 238 238 215 255 151 
103 227 221 210 208 187 232 
196 206 215 223 129 245 75 
98 118 193 221 94 236 248 
255 232 254 243 142 238 206 
165 160 189 202 220 209 105 
186 180 224 181 111 186 249 
147 215 171 86 141 169 218 
248 173 215 239 191 163 230 
199 201 227 244 208 239 185 
254 148 226 203 131 127 155 
242 162 247 245 179 255 190 
246 251 230 229 221 227 243 
132 208 215 228 235 188 236 
195 224 223 240 208 135 111 
239 190 160 203 240 255 184 
225 218 189 241 70 183 173 
129 226 238 198 177 182 221 
225 151 238 204 232 175 249 
220 240 210 238 202 149 234 
105 237 229 212 209 228 228 
224 217 236 189 104 248 88 
222 239 165 117 254 202 251 
212 224 148 227 233 208 235 
253 197 239 202 208 182 92 
224 252 205 220 249 165 184 
176 201 204 153 164 60 246 
158 198 254 254 235 200 252 
220 239 249 71 231 193 214 
197 217 150 155 253 250 249 
246 236 206 219 189 230 238 
232 252 254 237 184 226 208 
247 133 238 121 149 149 246 
169 248 210 187 210 249 216 
204 254 180 239 228 248 207 
187 229 48 240 211 114 161 
243 157 131 220 215 240 224 
136 126 209 243 164 248 166 
200 207 79 140 247 226 248 
193 200 154 224 243 180 252 
169 203 203 251 230 160 254 
238 243 208 215 211 128 228 
231 190 151 213 205 115 247 
149 251 78 101 234 232 175 
250 249 147 246 125 216 146 
195 187 237 119 150 211 165 
229 251 248 245 226 244 194 
230 164 112 233 211 242 217 
153 214 207 237 231 214 203 
231 254 100 228 107 164 193 
244 126 237 217 124 130 220 
147 203 76 146 246 244 186 
86 244 196 246 240 139 100 
226 248 219 183 187 205 131 
223 93 227 164 205 226 224 
238 220 203 220 251 129 237 
244 229 249 198 247 250 213 
242 192 215 233 218 221 226 
211 243 245 215 217 222 238 
224 255 184 243 196 195 162 
95 111 184 227 246 212 254 
191 254 253 169 170 185 211 
198 255 201 255 222 180 222 
135 251 252 184 241 253 252 
138 178 219 197 224 212 187 
111 242 232 245 219 219 239 
249 215 212 244 253 225 245 
239 236 86 249 134 210 255 
242 153 228 242 203 235 228 
181 250 210 155 224 146 220 
199 122 226 236 178 235 140 
187 243 238 155 239 237 246 
247 245 215 204 236 251 232 
216 222 215 250 152 210 210 
254 225 212 254 255 93 252 
236 148 227 133 202 246 191 
149 153 161 210 249 211 204 
251 203 102 248 239 206 220 
212 214 106 238 233 235 207 
240 249 128 246 137 182 182 
115 208 245 239 198 157 180 
240 210 159 254 167 249 221 
190 251 242 250 248 188 73 
199 172 225 232 156 223 253 
187 236 251 157 223 238 253 
204 217 170 208 253 247 201 
189 146 185 237 245 254 127 
253 137 191 252 224 214 240 
175 209 255 65 247 208 238 
237 148 223 240 235 231 110 
160 255 180 238 154 189 237 
73 193 231 252 225 204 193 
191 238 252 242 215 196 235 
248 242 232 234 185 209 230 
209 239 229 254 140 234 193 
174 249 169 218 76 178 215 
133 126 224 208 223 228 254 
239 139 150 249 173 229 220 
253 195 169 242 197 190 248 
243 208 225 199 245 214 247 
189 202 223 143 243 151 253 
247 181 212 226 254 204 219 
175 253 221 179 249 230 249 
168 137 205 239 221 174 239 
232 204 226 187 99 245 131 
183 173 136 253 106 225 181 
236 248 241 41 155 233 207 
178 246 241 250 184 195 147 
254 252 218 230 236 244 247 
161 239 230 201 222 189 210 
221 151 173 215 248 219 226 
114 218 210 212 250 127 241 
202 173 241 195 212 245 175 
141 220 202 158 178 238 203 
228 223 179 210 244 189 229 
231 235 167 205 249 165 182 
248 244 248 240 220 180 199 
214 231 255 190 231 152 248 
230 195 204 243 214 227 152 
153 217 252 183 231 160 142 
217 230 112 224 232 227 241 
244 196 232 131 251 199 187 
184 243 197 222 205 251 63 
232 88 197 229 231 202 169 
252 181 253 158 236 250 229 
184 228 205 204 251 199 189 
229 211 191 230 157 248 133 
110 243 240 89 211 209 241 
224 234 254 240 209 198 222 
235 133 200 214 250 97 186 
197 184 180 200 241 145 254 
251 203 203 198 242 244 211 
170 200 148 193 154 127 106 
246 176 255 249 146 182 233 
249 141 217 219 135 129 115 
122 191 237 255 165 250 143 
165 227 188 250 172 217 209 
249 199 75 231 115 206 234 
134 249 238 200 188 208 253 
174 240 168 208 243 135 203 
217 205 210 203 231 250 167 
213 248 246 224 180 239 214 
208 188 229 245 198 246 245 
170 112 193 169 244 226 136 
202 213 194 197 217 181 255 
174 234 172 255 135 181 235 
132 212 197 149 201 164 208 
251 188 222 218 192 234 246 
232 208 212 251 217 164 189 
237 253 216 161 195 172 218 
193 234 196 200 104 233 224 
239 236 223 142 214 211 209 
233 208 146 222 237 125 179 
241 196 223 208 236 171 229 
228 240 213 167 170 226 201 
183 203 217 166 52 252 238 
131 246 163 254 218 218 236 
198 245 167 234 200 97 200 
235 123 198 201 156 145 231 
184 230 194 253 134 255 119 
188 199 249 177 212 214 244 
196 224 154 147 226 239 213 
227 192 215 248 224 210 222 
145 181 231 217 224 212 82 
241 193 230 236 188 219 172 
248 252 177 247 188 244 140 
166 151 211 206 179 231 198 
153 111 224 162 236 215 180 
203 193 114 207 228 228 247 
254 165 151 183 151 193 188 
228 166 202 221 202 201 255 
210 230 254 114 234 255 189 
184 254 221 201 213 229 161 
192 255 177 238 246 237 232 
245 176 214 203 230 220 222 
179 245 241 220 244 163 239 
246 224 247 125 131 185 206 
147 221 237 226 204 225 218 
230 142 221 216 229 252 243 
255 99 110 202 228 201 184 
230 189 38 192 240 247 190 
237 253 209 202 173 138 189 
197 234 183 201 177 174 218 
204 240 130 135 189 224 223 
239 109 207 246 252 230 177 
180 218 245 225 199 89 233 
235 246 216 188 235 191 207 
228 142 197 192 166 224 240 
165 250 210 242 176 145 191 
247 187 214 162 164 207 116 
177 231 241 168 218 105 223 
212 233 237 251 252 142 243 
185 199 237 167 213 251 255 
188 156 239 204 126 165 106 
210 138 223 181 198 245 253 
217 113 182 229 162 233 210 
238 198 204 232 226 245 179 
219 230 208 191 188 197 194 
204 212 250 115 234 164 209 
211 209 166 207 156 235 229 
252 197 254 92 237 245 246 
254 254 187 171 245 145 243 
248 251 219 236 228 249 209 
172 233 168 116 220 215 244 
251 233 123 121 242 232 240 
243 238 85 252 181 244 247 
220 199 254 189 180 236 219 
209 209 122 177 247 163 213 
196 241 224 245 188 203 128 
200 208 210 178 103 254 150 
175 233 247 151 237 193 164 
153 234 253 226 187 167 218 
237 147 244 217 254 246 150 
240 165 109 216 159 241 195 
251 238 117 242 251 129 226 
156 247 242 201 252 252 174 
186 138 216 176 19 249 135 
238 249 226 215 199 214 147 
92 253 233 215 207 234 225 
234 240 196 180 140 165 219 
224 178 255 190 243 247 245 
245 205 116 141 189 252 246 
240 241 217 247 147 220 240 
249 254 174 246 159 197 187 
215 242 226 214 233 220 255 
144 188 185 246 142 194 194 
226 255 206 237 240 252 141 
251 238 146 145 187 243 227 
197 251 225 208 244 93 193 
165 196 205 249 120 217 240 
84 139 158 248 133 250 78 
195 231 173 219 204 195 164 
160 200 208 69 170 241 206 
209 164 162 160 77 228 209 
129 247 252 232 227 149 220 
181 238 246 142 227 236 185 
241 242 226 204 206 240 143 
141 245 200 205 202 176 187 
197 227 219 253 201 230 237 
247 243 224 249 203 195 253 
229 232 221 247 235 175 242 
164 250 233 238 198 112 197 
239 113 232 244 163 241 197 
219 224 199 47 251 219 194 
235 213 157 244 175 214 203 
193 138 247 138 233 196 250 
161 231 103 204 212 219 225 
183 246 205 123 185 226 195 
202 218 243 241 186 187 197 
231 245 248 182 197 175 234 
209 161 242 210 235 156 190 
174 169 226 207 250 199 202 
146 255 245 75 217 156 129 
247 200 253 189 186 197 68 
244 225 243 251 225 159 238 
234 254 242 200 191 162 117 
253 218 231 147 196 243 244 
249 254 255 234 243 221 175 
229 177 232 220 204 250 253 
241 158 231 251 213 156 143 
228 127 89 209 246 186 144 
240 190 238 222 209 249 195 
220 244 245 216 164 236 192 
245 202 238 208 200 185 209 
179 224 235 251 234 250 214 
247 221 219 212 142 196 243 
217 236 187 217 204 222 253 
113 187 139 105 241 242 164 
220 247 211 249 241 242 190 
244 73 225 236 224 250 201 
236 170 241 117 167 200 81 
186 234 204 223 217 252 136 
194 167 221 234 238 161 234 
194 187 159 178 242 201 193 
206 217 189 210 248 250 250 
235 216 156 223 133 250 149 
203 189 219 255 183 209 182 
214 239 239 253 251 236 188 
238 246 161 182 118 208 253 
223 225 249 104 173 239 110 
235 214 211 118 215 213 122 
145 219 229 247 243 227 223 
104 159 239 141 164 231 98 
224 246 239 147 221 133 219 
92 164 235 152 196 246 139 
247 238 222 213 196 192 162 
137 125 207 196 203 227 217 
245 226 251 223 208 235 255 
246 223 211 226 158 125 221 
176 85 243 187 192 244 186 
219 217 180 225 249 240 206 
230 139 172 222 189 231 200 
111 163 253 109 225 247 237 
165 161 248 140 228 184 80 
239 196 172 227 255 237 227 
246 230 241 171 160 237 227 
212 247 135 242 241 232 130 
194 205 214 224 240 253 244 
178 221 215 194 222 235 148 
178 232 198 237 224 250 91 
207 236 255 231 179 130 193 
223 78 168 210 185 232 61 
226 222 227 196 231 233 203 
211 213 228 234 214 201 241 
243 212 251 231 240 180 142 
249 140 197 198 150 203 204 
211 230 204 232 227 190 245 
247 214 192 224 133 240 173 
140 211 242 151 30 119 229 
229 153 225 254 222 251 180 
250 253 115 205 199 193 174 
242 128 88 148 246 127 225 
238 164 249 222 209 168 194 
184 249 226 216 219 195 248 
229 166 204 186 195 137 250 
165 234 250 227 233 215 243 
160 244 205 190 240 215 255 
122 245 215 215 249 252 229 
138 234 190 185 231 224 177 
138 218 70 189 162 239 201 
248 193 207 239 178 162 224 
193 186 198 198 203 243 238 
198 211 233 212 189 255 211 
239 217 110 220 206 228 236 
225 218 241 133 245 228 83 
202 173 236 247 179 242 247 
240 255 186 167 231 235 188 
177 206 241 205 190 246 111 
233 191 236 226 151 194 175 
166 218 137 172 234 178 203 
194 192 166 161 150 104 189 
122 131 234 232 232 248 248 
132 157 210 176 228 230 183 
250 160 131 248 204 243 213 
212 225 203 224 219 253 161 
134 252 226 216 137 253 202 
226 109 222 250 207 164 68 
242 251 170 223 165 239 203 
252 167 158 222 235 242 235 
240 228 232 237 218 216 224 
145 243 249 220 187 193 169 
255 130 216 211 237 241 228 
221 104 255 238 234 212 245 
229 245 244 205 163 219 212 
210 230 236 244 225 245 204 
255 165 177 226 166 186 248 
234 242 241 203 253 255 187 
155 201 210 188 121 167 184 
209 242 188 182 223 206 251 
185 247 238 193 196 146 110 
243 225 185 226 156 205 145 
165 253 189 235 242 165 220 
216 194 224 204 224 228 177 
163 253 195 174 143 229 144 
249 222 222 174 224 182 177 
239 104 153 191 228 174 211 
187 177 161 193 234 243 224 
228 227 210 204 122 239 227 
247 234 255 143 229 115 240 
237 240 138 242 234 251 210 
229 250 137 243 252 253 180 
208 197 164 220 194 242 252 
204 184 254 242 213 105 150 
200 212 191 234 246 220 212 
219 230 246 141 172 86 123 
246 211 149 231 171 116 238 
254 192 200 205 161 155 209 
208 249 217 153 219 207 217 
211 205 205 49 148 219 182 
228 226 110 253 117 254 192 
200 250 211 229 100 178 242 
230 254 247 90 166 239 188 
248 238 178 173 243 195 192 
204 140 206 206 251 247 184 
190 228 191 219 152 187 225 
169 243 220 208 227 214 217 
226 128 173 198 234 218 104 
175 172 220 195 213 232 245 
207 230 172 228 228 175 206 
194 190 126 251 215 241 147 
248 174 240 208 255 244 220 
180 198 189 148 230 221 191 
246 254 200 224 179 142 173 
245 228 139 229 194 231 202 
243 203 206 221 242 229 200 
231 249 211 214 251 234 178 
191 228 247 181 224 176 157 
163 204 233 193 209 248 156 
223 155 214 251 146 179 235 
146 224 177 181 239 246 205 
214 236 246 238 196 164 229 
240 215 225 131 187 198 151 
152 237 223 233 240 192 191 
241 204 123 225 231 200 204 
253 185 156 178 215 224 215 
232 137 250 171 174 131 230 
251 237 255 162 203 216 131 
228 177 243 149 238 253 219 
220 214 253 219 198 207 253 
183 187 139 232 227 234 244 
190 230 218 94 238 246 226 
174 222 152 243 237 212 215 
189 222 216 254 232 252 244 
170 135 197 216 127 251 178 
229 195 227 190 227 237 112 
213 240 106 141 195 222 224 
182 221 241 188 251 159 245 
225 250 228 156 220 201 222 
217 186 228 222 170 238 109 
238 231 187 178 231 163 94 
231 210 160 171 180 222 107 
227 242 195 246 240 228 202 
248 247 143 219 248 241 249 
155 250 175 138 207 217 238 
243 251 231 124 106 251 205 
117 174 193 83 233 220 200 
75 132 209 177 214 254 193 
235 93 219 234 157 203 222 
241 219 248 255 159 164 225 
173 162 162 221 122 219 224 
222 154 101 183 114 161 147 
153 184 233 234 244 220 252 
245 241 242 144 219 150 121 
192 251 235 173 228 207 188 
220 137 128 175 215 233 227 
158 248 230 226 196 235 178 
208 194 201 247 231 244 255 
251 237 236 140 155 225 238 
207 226 255 240 161 153 241 
188 205 205 202 200 208 197 
224 200 141 133 139 211 227 
189 88 246 245 151 233 97 
234 204 248 184 183 197 215 
195 244 238 77 251 183 253 
234 234 174 132 195 244 243 
175 115 149 185 252 228 133 
118 236 249 233 205 204 254 
215 233 220 235 227 246 249 
132 182 86 156 245 200 140 
190 162 247 216 236 254 244 
188 195 247 210 189 150 136 
137 165 246 194 237 194 176 
95 247 208 224 192 209 243 
242 232 203 186 237 218 215 
215 250 238 237 240 183 241 
212 190 192 246 222 134 230 
175 255 192 218 247 217 248 
253 149 217 155 240 104 204 
197 186 129 251 161 201 202 
222 244 231 235 232 191 197 
111 202 194 200 228 224 163 
232 171 220 197 234 203 229 
197 188 243 148 207 163 254 
249 84 241 192 187 202 158 
199 249 219 200 249 119 255 
176 211 246 230 211 161 101 
245 206 233 119 195 216 116 
255 241 242 253 239 240 244 
245 213 239 230 225 225 253 
247 243 145 239 185 220 221 
251 254 226 246 166 238 248 
163 227 203 216 211 241 131 
245 237 225 205 217 179 216 
203 241 201 241 250 255 226 
241 181 166 184 242 240 228 
236 250 195 159 135 160 215 
189 239 92 195 212 213 255 
63 248 242 251 237 199 246 
156 227 228 164 251 221 195 
222 249 232 239 252 213 229 
221 215 146 247 233 248 224 
183 235 199 201 108 246 232 
248 220 250 128 180 110 105 
240 255 249 255 189 239 234 
59 246 218 143 225 246 220 
248 254 184 125 83 226 185 
189 190 188 244 154 166 254 
231 181 106 207 194 249 188 
