97 245 129 196 206 134 247 118 136 119 219 188 197 198 
90 214 227 254 196 253 246 130 161 156 193 252 203 199 
196 190 147 222 248 222 244 238 122 195 190 196 187 221 
217 183 251 229 255 206 150 207 184 171 230 165 122 204 
227 226 162 251 252 226 160 157 198 191 254 237 233 94 
161 234 219 198 134 35 233 136 236 220 234 225 216 227 
249 139 187 237 163 254 241 191 111 120 200 239 253 245 
227 179 169 239 224 172 227 244 251 241 235 202 207 175 
230 226 85 243 129 207 168 237 218 172 102 200 202 91 
154 252 172 250 158 232 186 247 181 109 251 232 219 252 
228 207 183 160 108 252 147 77 216 252 148 251 158 144 
239 227 249 193 221 107 239 188 89 174 252 245 234 252 
249 237 169 212 138 244 242 93 204 134 248 167 134 222 
243 163 185 210 84 197 170 211 205 252 95 184 186 237 
92 241 222 206 198 241 79 222 248 203 211 228 249 222 
206 194 63 196 252 145 202 246 205 158 216 226 181 190 
223 250 244 237 243 227 232 147 121 197 168 238 235 254 
194 227 221 95 215 235 232 185 199 238 238 208 255 217 
192 206 193 223 85 245 248 196 138 215 132 129 94 110 
193 189 189 229 220 238 206 255 232 254 243 142 235 203 
186 215 169 181 141 186 249 181 180 224 155 84 169 218 
147 147 227 239 208 139 230 248 201 215 244 197 239 202 
254 162 226 235 179 255 181 242 129 247 245 131 225 190 
246 251 230 229 221 71 86 132 208 215 109 235 227 243 
239 224 223 240 240 255 184 195 220 160 189 211 143 111 
129 226 238 233 171 183 183 225 218 236 241 177 182 221 
225 140 238 204 232 129 249 223 240 130 238 172 175 159 
222 217 173 212 209 228 228 224 237 236 109 104 248 91 
190 224 165 227 254 202 251 222 239 148 226 233 208 235 
224 197 205 96 186 165 184 253 252 239 220 249 182 100 
176 201 242 252 181 200 252 158 131 254 254 235 175 166 
197 217 249 155 253 193 244 220 239 150 142 220 250 249 
246 252 254 186 189 226 238 160 231 206 237 146 230 208 
169 186 238 110 149 229 211 247 248 206 187 210 249 246 
204 229 180 240 211 248 161 100 254 120 209 228 195 207 
243 149 209 203 215 240 166 140 157 96 243 164 248 224 
183 207 80 140 247 198 248 200 131 154 224 243 226 252 
238 243 208 242 211 160 155 216 203 200 251 230 153 254 
103 251 151 213 234 115 247 231 190 98 94 166 232 175 
221 244 237 153 125 216 145 250 249 139 246 150 211 165 
152 188 248 184 211 120 187 230 251 194 245 226 244 217 
158 254 207 228 136 185 193 231 211 187 237 231 214 203 
189 119 237 217 152 244 220 244 203 189 146 246 227 186 
184 248 219 246 143 129 109 226 244 138 183 240 205 131 
238 93 192 220 251 105 224 160 220 227 164 205 226 237 
244 229 240 233 247 221 120 192 98 249 173 141 250 226 
224 255 239 243 217 222 238 219 243 245 215 196 195 215 
146 254 172 159 246 212 211 191 131 253 227 170 198 254 
198 255 252 173 241 253 175 157 246 195 255 228 180 252 
111 242 230 245 224 212 238 138 178 232 238 181 219 239 
249 236 212 244 253 225 245 170 215 166 249 234 182 255 
106 238 228 242 203 140 220 242 250 190 155 224 235 228 
187 139 97 155 239 125 211 199 243 238 236 226 237 246 
247 245 184 167 236 251 185 216 62 215 250 152 210 232 
254 148 227 187 255 246 249 236 225 188 254 197 137 252 
201 118 161 209 249 202 204 251 203 60 248 239 211 220 
171 249 123 246 183 235 198 240 214 128 204 233 172 207 
240 210 245 239 198 134 181 216 208 177 254 186 249 221 
199 251 167 232 248 183 253 134 201 242 250 131 223 229 
204 236 170 187 253 238 253 187 189 251 208 223 247 201 
219 122 185 219 245 254 240 253 146 191 252 198 238 216 
183 209 232 240 235 220 238 237 208 255 178 247 231 188 
92 177 155 235 155 191 237 160 255 231 252 225 204 133 
248 238 252 207 185 196 119 219 242 151 242 215 209 235 
209 249 229 254 89 233 215 174 175 168 250 140 234 214 
205 139 216 208 197 228 191 239 126 224 249 223 229 254 
204 195 169 199 245 214 248 253 208 225 242 159 211 247 
247 202 216 135 209 98 238 189 155 223 226 254 204 253 
175 253 221 239 249 230 249 168 154 187 226 221 199 235 
232 204 226 253 106 245 181 183 173 55 234 99 245 124 
219 246 157 150 184 195 207 236 248 241 250 155 233 174 
180 250 230 162 86 189 210 254 252 218 230 236 244 247 
221 180 189 170 250 64 238 114 218 210 215 157 219 241 
202 220 241 171 212 238 203 190 173 189 195 187 245 175 
228 235 154 205 212 189 182 231 137 179 210 249 148 229 
248 244 255 190 105 139 197 163 231 234 240 231 180 248 
153 217 204 243 187 219 142 230 47 252 183 231 227 152 
217 196 219 190 232 142 143 244 230 232 224 251 227 241 
184 216 168 229 219 223 161 232 243 197 222 231 251 169 
248 228 253 180 236 248 186 252 181 110 204 251 250 229 
110 240 240 230 157 248 158 229 243 191 89 211 209 241 
227 185 254 240 250 198 222 235 234 178 214 229 81 186 
251 203 203 198 204 187 58 186 184 181 200 242 244 254 
246 198 251 249 154 149 162 166 200 255 153 108 182 233 
249 141 217 219 135 250 143 193 191 237 255 165 164 110 
249 191 109 231 172 217 209 102 227 188 250 131 177 234 
107 249 238 170 196 208 253 174 240 205 208 243 199 141 
217 248 205 203 173 163 170 213 201 246 224 231 250 214 
192 159 193 169 244 226 245 208 188 229 245 198 246 226 
202 70 193 255 217 181 235 174 234 194 231 192 181 255 
132 151 197 195 201 201 217 251 212 222 218 192 234 246 
232 253 216 161 195 172 121 237 217 212 251 217 151 218 
239 218 212 161 139 233 187 218 236 223 200 214 211 224 
241 172 199 222 237 108 226 204 208 223 208 236 171 229 
228 233 217 121 170 252 201 211 240 211 167 121 226 238 
182 127 167 254 190 218 169 198 246 163 234 218 179 236 
194 230 194 201 156 255 231 235 162 198 253 134 251 188 
196 224 249 141 226 214 244 188 196 182 177 155 239 213 
227 165 231 244 140 156 209 149 192 215 248 224 212 222 
241 252 230 236 117 205 154 248 193 177 247 188 244 172 
153 117 222 164 236 59 198 166 151 224 206 113 231 194 
254 193 84 180 228 209 247 230 189 151 207 228 228 208 
228 230 254 179 234 255 255 210 166 223 221 228 178 221 
184 163 158 238 190 237 167 192 255 221 186 246 229 232 
117 176 241 220 244 163 239 245 245 185 184 230 220 208 
201 221 247 226 204 225 218 246 224 213 217 189 185 217 
230 142 121 216 229 252 201 255 67 221 202 216 144 243 
200 253 130 202 240 190 105 237 182 209 192 127 247 190 
197 240 183 187 159 224 103 204 234 98 201 189 136 223 
180 192 178 186 252 89 233 239 218 245 246 165 230 221 
228 141 140 192 235 224 240 235 246 216 183 142 191 207 
194 190 214 242 164 145 158 247 250 210 210 176 207 191 
81 233 241 251 252 142 243 212 231 185 198 218 126 223 
188 182 201 204 213 251 255 185 199 239 108 203 216 69 
210 138 182 229 169 232 210 217 113 223 128 198 245 253 
238 230 208 89 165 245 194 219 198 196 232 226 203 179 
167 212 126 207 234 235 194 211 111 250 58 205 223 229 
254 254 161 92 237 235 246 201 220 254 171 245 245 192 
172 251 219 71 228 215 244 248 92 170 236 225 249 212 
192 233 123 252 196 194 247 251 238 85 220 242 244 240 
209 209 172 189 247 236 219 220 180 254 177 207 194 213 
153 206 224 245 128 203 128 200 241 210 207 188 254 150 
145 234 188 226 187 167 164 175 233 253 151 237 193 218 
196 165 211 217 254 208 150 240 147 244 154 190 246 195 
251 238 148 242 147 208 174 156 247 242 157 252 252 226 
186 181 226 176 199 216 135 238 249 216 215 177 249 147 
116 253 233 201 207 165 225 234 240 220 215 158 234 219 
109 152 194 190 236 252 240 245 205 255 141 243 210 246 
245 241 217 59 159 203 187 249 254 174 247 147 220 240 
144 208 116 246 95 220 255 215 242 226 214 233 90 211 
251 216 146 237 187 252 187 153 255 206 145 240 243 227 
197 196 225 249 244 216 240 143 251 205 239 136 217 212 
185 176 147 248 163 250 164 195 231 173 211 204 205 138 
105 164 106 160 66 241 209 209 200 208 69 170 217 185 
172 180 246 232 227 192 220 181 247 252 148 227 236 86 
241 160 226 205 206 240 187 147 245 200 193 195 180 145 
247 165 219 235 194 222 237 167 243 224 253 203 230 253 
229 250 173 247 235 112 242 179 184 233 184 198 175 159 
239 224 232 175 199 219 183 219 125 232 244 251 241 197 
176 213 247 241 183 214 203 235 181 229 244 233 206 250 
161 222 103 155 212 226 225 183 246 205 204 112 219 212 
231 162 230 186 197 187 234 180 245 248 241 189 175 197 
209 169 226 210 235 199 202 162 91 242 209 250 141 132 
247 255 253 102 217 197 129 230 252 245 189 186 156 125 
244 225 242 239 225 159 203 225 254 243 251 159 162 238 
253 218 255 210 243 221 244 240 254 160 234 202 243 148 
241 177 232 251 204 250 157 229 158 231 197 213 178 253 
240 154 238 209 186 249 195 223 190 116 222 246 174 144 
245 132 245 208 164 236 175 220 244 220 216 200 185 209 
247 224 235 219 234 250 243 189 105 219 251 165 196 214 
216 187 157 137 241 242 238 217 236 187 217 198 231 253 
244 200 225 249 224 250 201 231 247 211 236 241 222 128 
186 184 241 195 217 148 88 236 234 191 223 99 252 136 
123 187 221 98 242 201 234 194 171 173 234 221 161 179 
206 214 156 210 133 250 219 235 217 189 223 248 207 250 
214 210 239 255 251 166 188 203 239 219 253 228 236 108 
106 246 232 182 123 208 253 238 84 249 170 173 239 237 
235 214 112 135 243 227 223 111 219 229 247 215 223 140 
104 246 239 147 221 231 219 224 62 239 110 164 133 202 
247 163 226 165 196 246 140 103 238 235 213 183 139 162 
93 226 251 223 208 235 198 245 174 207 194 208 228 255 
191 213 243 226 192 244 221 246 223 211 223 158 125 186 
230 217 180 127 249 240 206 178 210 172 225 190 231 204 
165 163 253 121 207 247 158 111 161 248 140 228 217 237 
239 230 189 171 255 237 227 246 196 241 227 202 237 166 
194 247 204 224 240 238 190 212 151 214 242 241 253 244 
178 226 175 224 224 235 91 178 232 215 237 187 250 148 
207 97 194 231 140 214 160 223 236 255 91 185 232 193 
226 214 228 154 231 209 226 179 222 227 234 133 233 241 
249 212 197 201 240 180 142 243 128 251 231 239 203 204 
211 228 192 232 227 240 233 247 230 204 224 136 190 245 
229 211 238 254 55 251 229 200 199 242 244 222 179 170 
250 253 115 181 246 188 174 247 204 94 205 170 193 225 
184 217 249 212 219 195 248 238 249 219 222 156 161 194 
229 234 250 186 209 137 243 221 166 204 227 233 215 250 
160 245 199 202 249 252 255 138 244 215 215 240 218 211 
138 234 182 189 132 239 201 138 218 190 161 231 224 177 
154 186 190 239 198 243 188 248 193 207 198 203 236 238 
239 217 153 212 190 255 236 178 211 233 220 206 228 200 
167 218 241 231 245 242 205 225 176 218 247 169 228 247 
177 255 241 205 190 235 64 240 222 239 184 231 246 188 
177 218 168 226 149 178 203 233 176 236 210 234 194 175 
194 156 189 232 150 248 189 122 192 234 161 232 227 248 
132 157 210 248 204 243 197 250 160 131 176 228 230 213 
212 226 226 224 166 253 202 104 252 203 223 219 253 187 
242 187 106 188 184 204 98 200 251 222 250 207 239 203 
252 167 232 237 235 242 235 240 228 158 145 218 236 224 
228 196 216 220 187 241 228 255 243 249 211 237 212 141 
210 108 255 238 213 219 245 229 245 244 205 234 69 212 
248 230 236 186 203 245 248 255 198 177 244 225 186 243 
234 242 241 203 253 255 184 155 201 210 188 46 200 187 
178 242 188 182 204 133 110 209 247 238 193 223 206 251 
151 158 189 235 130 205 220 243 253 185 223 242 168 145 
163 253 224 174 224 229 144 216 221 209 204 196 228 177 
249 222 197 174 148 159 211 208 117 222 191 228 182 164 
228 227 207 189 234 239 224 51 177 210 204 61 243 227 
247 234 142 242 225 226 240 237 240 255 178 234 251 210 
210 197 137 166 252 253 252 229 250 164 243 194 199 199 
125 132 254 222 217 205 161 204 212 214 242 246 220 212 
246 230 246 231 172 116 169 195 217 132 141 171 77 238 
254 249 210 205 219 155 178 208 192 217 178 100 207 217 
228 204 191 228 137 254 192 211 226 205 253 148 230 179 
230 254 191 181 81 239 166 224 123 247 229 166 158 242 
248 203 206 173 170 247 192 204 238 147 206 251 195 184 
159 243 220 182 227 167 217 190 99 191 219 201 214 225 
226 172 220 198 213 218 245 175 128 135 195 234 232 104 
207 230 113 196 215 241 205 194 215 172 251 228 202 206 
202 174 240 111 255 244 220 248 198 144 208 230 221 199 
246 228 139 229 194 231 202 139 254 200 149 179 102 173 
243 249 141 214 251 215 178 231 177 211 221 242 234 200 
191 186 247 193 224 176 137 163 228 233 134 209 248 157 
223 111 175 176 239 179 186 150 224 214 251 207 246 235 
240 226 246 191 103 117 229 234 236 232 238 196 198 151 
211 204 223 233 167 200 191 241 237 118 233 240 192 204 
232 137 250 178 178 224 230 253 185 196 146 215 177 215 
182 211 243 105 61 253 219 251 237 255 162 238 227 219 
183 187 253 219 198 234 244 220 214 181 232 227 193 253 
133 230 218 53 238 246 226 190 222 212 243 138 224 215 
189 222 145 254 232 252 178 170 135 216 160 131 215 244 
229 195 117 190 227 69 215 213 240 227 141 186 237 224 
225 250 241 155 236 140 224 182 221 228 188 251 201 245 
194 231 224 222 231 238 109 238 102 228 174 153 189 108 
231 242 195 246 234 228 202 189 203 173 159 240 222 187 
181 250 175 219 248 217 238 248 247 114 198 163 241 249 
243 152 181 124 167 251 205 179 251 231 83 233 220 199 
235 93 219 234 214 203 222 218 132 215 187 157 254 134 
138 162 223 255 122 219 225 241 219 248 248 159 199 224 
222 184 233 234 244 176 252 127 109 230 183 114 220 196 
192 241 235 144 228 206 146 245 251 242 173 184 207 188 
192 248 221 175 215 235 174 220 196 230 226 196 180 227 
251 237 209 165 231 225 255 248 194 236 247 197 244 238 
188 226 255 154 200 208 197 207 159 240 240 161 111 241 
224 172 186 133 112 233 125 189 200 246 245 151 140 227 
234 204 238 184 251 197 253 195 244 248 176 221 183 215 
175 108 158 185 159 228 243 234 234 174 132 252 244 212 
215 236 249 224 227 246 254 128 206 216 235 205 204 249 
128 162 205 156 245 254 112 190 182 247 216 208 247 244 
84 195 198 210 189 150 176 188 45 247 194 237 194 136 
242 220 203 186 192 218 243 162 247 208 224 237 182 164 
212 250 238 130 240 158 241 215 177 212 246 224 183 117 
157 242 217 218 247 214 235 253 255 192 121 240 217 248 
222 244 220 235 161 201 202 197 161 231 251 232 188 197 
232 129 220 200 234 224 151 164 202 194 197 223 111 229 
249 188 243 146 192 174 158 197 67 210 192 207 202 254 
199 249 246 200 249 118 224 176 211 135 230 189 161 255 
255 241 192 236 195 216 244 216 206 242 253 239 240 169 
247 236 239 239 225 159 253 240 243 145 230 209 225 236 
251 254 226 231 211 241 59 173 227 203 246 166 241 248 
245 241 225 241 250 137 226 183 178 150 193 217 255 209 
241 180 195 184 229 240 228 216 250 145 117 242 217 215 
63 231 237 129 234 199 194 189 248 242 251 237 213 255 
156 227 232 164 252 208 195 222 249 201 239 251 221 229 
221 141 193 247 171 248 224 183 235 199 236 233 123 232 
240 255 240 128 189 179 234 248 206 250 255 143 239 212 
248 254 184 143 211 226 220 92 242 218 109 225 246 185 
231 181 188 244 194 249 172 146 190 106 134 154 133 254 
212 239 160 207 245 221 191 149 181 212 249 121 230 204 
121 170 138 218 241 250 156 248 245 227 178 125 84 253 
255 237 204 237 243 217 200 214 196 174 242 240 240 238 
203 207 228 214 205 233 147 160 206 154 118 226 227 190 
194 194 238 180 205 174 188 147 164 238 240 195 222 187 
236 193 123 198 223 246 250 247 188 168 158 249 127 115 
189 158 200 229 228 234 167 235 240 192 207 249 239 230 
102 198 243 240 213 201 127 235 178 162 235 252 166 239 
148 254 216 231 239 226 139 229 221 163 248 128 252 224 
239 249 237 234 235 228 146 235 216 195 167 184 165 178 
252 249 225 221 158 255 207 244 209 206 247 243 194 183 
237 253 231 146 239 249 232 134 222 255 122 196 243 242 
221 255 253 247 165 240 251 227 213 158 181 242 240 190 
255 225 206 226 144 168 227 243 156 139 224 211 236 220 
199 197 182 243 123 236 205 166 254 111 231 216 97 255 
237 231 197 212 118 239 169 208 207 229 252 194 224 218 
144 178 212 254 222 103 184 229 253 183 194 229 252 172 
212 204 169 181 150 185 181 204 245 238 162 155 212 247 
226 217 210 159 150 145 199 191 247 252 244 158 160 161 
204 240 214 187 246 243 184 255 146 190 219 255 199 201 
219 152 135 218 204 126 205 188 211 223 180 125 94 212 
255 253 215 187 185 170 190 244 141 226 196 208 217 219 
241 222 235 252 250 129 249 241 241 133 235 213 188 180 
250 237 232 183 253 245 153 235 216 180 243 237 144 249 
202 224 155 147 224 237 120 191 209 188 200 51 168 249 
207 245 233 230 248 237 217 228 167 174 222 154 207 223 
252 209 168 148 192 204 253 230 147 210 247 194 231 190 
202 223 141 154 159 201 151 171 249 249 228 218 240 192 
231 116 77 238 241 90 247 221 246 252 165 125 227 133 
252 211 229 237 238 17 220 200 251 197 245 212 253 250 
245 204 234 247 176 245 173 99 217 178 205 235 198 162 
152 250 224 239 224 218 236 255 251 234 195 230 252 130 
218 226 147 167 237 232 176 246 235 171 246 211 247 152 
246 179 160 252 255 163 230 54 148 218 252 231 239 253 
142 132 149 254 209 223 150 213 247 211 217 233 252 218 
204 241 229 228 179 174 252 197 250 210 160 211 200 120 
246 199 138 149 225 241 250 125 165 143 188 182 247 180 
146 148 230 235 202 184 224 213 147 202 204 102 217 249 
173 202 242 251 109 163 247 167 227 196 193 238 219 220 
232 96 164 141 219 217 204 154 220 251 212 216 173 169 
150 172 246 144 73 165 235 250 242 246 210 245 178 226 
255 147 152 187 213 190 177 246 166 243 200 118 193 158 
236 235 175 98 170 109 238 174 143 221 111 166 184 225 
230 213 223 253 68 246 193 238 219 251 215 236 250 190 
148 221 253 233 179 239 188 218 243 165 223 212 216 186 
227 179 225 246 248 233 148 219 242 210 182 235 250 133 
233 172 197 253 225 193 234 241 253 228 188 212 183 94 
133 208 171 195 211 231 114 244 165 242 240 228 235 231 
208 123 209 187 252 237 165 255 131 246 132 209 198 218 
189 253 248 241 248 220 233 173 131 227 250 245 117 225 
140 198 253 140 166 202 241 193 223 231 255 209 205 234 
243 197 255 250 171 212 255 174 165 200 175 245 199 241 
231 231 197 223 206 218 242 162 237 212 165 216 214 189 
234 228 228 156 215 192 202 180 151 247 159 234 206 181 
118 249 229 164 241 167 223 132 194 136 240 250 187 132 
255 161 238 123 195 254 239 246 181 170 225 132 229 183 
167 178 211 222 223 193 253 122 219 250 216 255 142 247 
241 227 241 241 148 158 103 248 204 246 139 205 157 178 
210 115 249 184 249 187 255 133 235 177 192 243 226 218 
96 234 197 251 245 250 207 236 243 236 127 190 227 232 
175 197 234 194 221 234 208 251 160 253 223 249 244 244 
211 206 220 160 236 248 227 208 193 225 232 250 247 184 
183 159 183 162 85 109 210 249 138 234 189 125 213 204 
234 180 120 196 145 238 231 161 144 182 216 166 180 164 
119 212 243 195 248 211 153 181 250 247 211 237 118 241 
235 164 221 227 255 240 218 232 207 29 254 233 229 158 
247 248 230 234 139 255 252 110 228 252 214 243 235 149 
225 198 232 164 200 121 205 233 250 163 147 242 172 219 
246 245 135 185 190 251 220 218 241 242 236 171 227 147 
242 241 120 224 254 213 158 187 244 223 137 217 208 206 
88 204 239 251 79 251 241 236 243 205 252 188 171 178 
217 178 189 181 89 155 213 238 255 169 136 164 246 216 
228 209 74 252 253 117 95 183 253 243 232 240 241 201 
255 253 205 247 248 214 255 241 203 231 161 172 157 209 
240 249 148 39 132 223 132 232 237 216 186 249 244 248 
169 234 235 206 229 173 192 249 197 222 181 220 253 203 
158 255 230 242 239 238 190 253 214 234 168 235 249 159 
154 232 215 224 244 101 227 216 234 251 222 189 236 251 
153 122 248 250 90 250 218 255 252 212 226 212 224 224 
252 73 237 241 79 92 189 245 247 144 243 214 243 139 
235 232 220 246 233 246 251 175 163 203 244 225 223 247 
235 174 146 101 99 225 177 210 190 210 189 160 245 153 
249 253 252 191 226 120 228 222 154 133 249 226 220 118 
195 245 141 223 235 241 236 192 211 250 186 219 240 239 
169 132 207 226 189 127 191 242 207 253 186 243 179 218 
124 151 150 164 250 50 251 199 220 59 237 247 219 255 
213 200 246 179 231 213 237 181 167 195 235 247 180 97 
213 211 241 229 247 220 254 211 114 251 238 246 255 152 
202 240 254 242 249 219 102 241 223 210 234 255 119 254 
158 230 237 251 196 237 201 238 230 249 236 247 108 202 
232 166 196 250 246 124 203 153 145 207 167 195 222 117 
254 176 224 203 249 243 212 215 254 144 253 165 189 227 
217 137 181 254 225 124 183 129 166 248 204 207 211 230 
247 223 222 156 128 226 237 221 240 214 248 230 219 199 
225 251 254 237 253 238 182 234 166 199 250 238 95 201 
247 225 247 248 180 171 184 205 222 162 251 171 224 251 
149 251 253 202 69 187 252 197 229 188 246 141 252 198 
82 202 205 227 184 179 133 94 191 249 200 223 255 235 
195 242 222 153 185 243 248 161 253 254 210 192 255 206 
230 80 233 174 190 249 203 220 226 123 240 189 164 250 
237 227 253 187 126 220 212 247 199 155 253 194 213 204 
245 250 237 219 252 238 225 242 205 191 245 122 175 139 
252 209 183 204 175 215 154 245 232 219 251 231 212 128 
204 253 231 234 250 243 113 216 184 222 209 228 191 178 
222 208 239 245 157 132 231 216 216 245 209 219 129 243 
151 122 243 248 208 211 234 226 219 253 193 211 152 215 
205 182 214 118 49 109 230 194 227 205 185 145 166 246 
226 220 228 234 235 211 239 249 220 128 235 143 245 193 
253 237 104 190 199 121 246 241 229 176 213 190 213 206 
121 133 174 133 173 213 208 252 221 211 185 193 235 254 
185 216 84 231 213 217 222 210 184 143 182 156 199 220 
138 163 233 212 230 234 215 225 214 160 229 240 223 160 
167 130 176 204 171 241 235 251 178 140 237 252 227 243 
237 229 237 170 178 191 251 140 229 99 238 181 224 164 
249 189 238 91 254 164 248 250 206 228 252 217 168 251 
166 228 236 113 254 237 249 191 204 225 225 205 232 244 
250 113 197 132 235 193 239 246 255 217 244 238 225 242 
248 213 250 210 223 244 135 216 248 145 246 202 211 188 
232 252 219 214 102 244 229 199 225 227 160 255 255 240 
238 228 250 224 143 163 238 183 180 254 243 153 209 225 
232 82 145 64 201 204 213 206 171 195 175 176 228 202 
223 234 206 152 137 143 255 166 219 162 236 220 151 155 
220 241 166 248 231 236 136 245 139 243 195 251 151 82 
182 237 246 126 204 245 191 227 243 239 212 145 249 203 
193 255 164 196 251 203 250 67 78 220 192 246 254 199 
171 243 136 233 243 146 191 238 206 187 234 189 188 251 
246 231 231 200 193 232 199 183 228 216 199 194 140 214 
242 239 251 225 242 96 191 250 164 211 206 241 160 195 
243 228 122 238 190 246 194 192 245 227 160 184 250 231 
236 180 225 167 197 155 240 177 238 196 129 220 142 172 
228 186 200 181 194 246 206 251 243 163 195 147 203 214 
254 159 190 255 175 210 235 217 203 247 193 143 190 191 
154 229 245 206 228 245 144 205 233 230 193 167 213 248 
241 211 212 202 236 129 155 203 240 251 127 232 240 190 
210 231 175 238 252 247 225 247 192 236 208 170 230 181 
224 226 219 212 136 246 210 233 221 154 254 234 95 152 
207 236 94 232 185 151 207 247 246 213 220 211 194 225 
254 243 238 242 191 164 234 190 222 220 235 218 235 253 
247 216 218 216 210 244 232 217 145 243 236 162 181 232 
141 146 179 218 216 168 244 221 129 235 148 146 201 252 
250 146 242 232 208 130 252 152 222 175 242 179 63 231 
168 217 193 225 167 239 224 237 197 232 212 198 179 151 
252 227 246 217 245 250 254 234 224 173 176 230 194 199 
202 136 140 157 112 243 206 251 214 194 216 212 214 232 
221 238 162 178 170 217 155 164 202 213 172 204 215 235 
239 241 171 245 168 237 252 250 167 186 157 222 243 230 
142 242 132 246 240 238 247 218 242 239 171 198 161 107 
237 214 242 254 211 200 154 201 252 230 238 226 174 212 
150 236 190 94 203 198 130 247 202 210 155 204 193 177 
194 118 73 166 255 183 247 218 207 201 166 224 156 205 
251 255 122 207 249 241 231 155 193 224 147 125 183 222 
183 128 172 128 110 77 234 242 250 169 242 253 218 143 
143 140 248 86 162 213 228 254 187 253 227 66 175 169 
206 130 229 243 101 231 202 166 205 168 239 243 167 133 
106 193 238 239 249 244 233 201 142 218 219 189 249 194 
175 214 235 93 198 236 208 159 177 247 247 157 171 214 
200 221 182 212 234 191 235 129 218 240 213 241 149 234 
180 198 206 246 190 148 252 141 235 247 255 165 212 185 
203 196 244 249 238 236 177 151 227 236 184 157 178 217 
252 203 52 250 249 254 216 141 206 206 209 199 243 238 
151 228 249 175 168 211 113 217 251 144 232 114 238 111 
253 143 244 132 213 214 191 184 105 171 251 184 160 248 
211 164 217 96 177 255 250 236 179 200 216 233 229 146 
198 191 156 200 244 196 223 253 135 239 183 125 218 229 
217 226 86 201 249 184 239 228 147 229 215 158 249 215 
255 193 150 173 233 194 246 180 255 245 174 230 217 120 
186 240 122 250 192 201 215 231 243 229 229 241 156 110 
203 252 224 235 213 166 229 229 229 231 250 203 253 225 
130 195 157 219 235 234 242 228 249 200 252 255 243 226 
178 139 94 245 249 231 253 222 67 177 233 193 217 255 
226 242 143 231 203 166 194 165 172 169 227 233 242 240 
239 226 236 238 179 228 168 231 203 249 222 228 198 215 
240 253 251 221 223 195 236 249 231 216 254 106 191 179 
220 222 208 164 226 152 213 237 218 170 212 221 240 140 
165 208 104 247 184 191 201 250 209 187 249 245 209 144 
228 236 167 200 185 209 200 176 150 219 227 225 183 181 
181 189 215 156 242 242 200 125 197 169 217 186 250 206 
217 223 225 135 107 185 211 217 198 119 184 134 255 233 
182 141 241 223 210 252 246 203 201 246 112 134 224 226 
238 236 225 195 244 215 233 189 246 211 223 249 233 240 
128 200 236 249 217 96 252 116 217 249 210 114 245 125 
195 231 249 202 253 205 234 138 136 200 209 254 218 252 
251 63 221 248 202 247 216 220 240 206 156 226 216 171 
140 253 243 133 251 133 208 184 244 142 254 203 203 217 
251 194 103 252 169 223 249 204 185 181 198 176 253 240 
249 231 250 209 235 232 231 252 170 249 130 195 236 217 
205 250 207 250 244 213 151 236 230 218 92 230 147 205 
211 158 245 123 234 243 152 247 227 216 228 198 131 213 
219 234 237 184 219 191 198 250 211 240 252 242 106 189 
134 246 187 231 205 206 245 227 198 108 204 145 222 205 
215 232 175 209 183 116 174 244 207 147 254 235 192 229 
244 237 160 249 229 232 161 182 192 248 234 174 242 179 
173 242 186 219 253 237 253 165 224 198 171 170 146 229 
246 164 189 142 237 154 247 75 255 240 206 179 130 203 
248 201 190 179 219 240 226 255 146 200 182 145 242 198 
253 254 255 99 230 210 250 235 243 230 222 243 160 136 
251 171 195 243 182 231 243 153 151 130 150 172 222 147 
215 209 200 236 213 204 203 237 174 232 174 127 86 216 
227 248 255 145 219 162 223 181 249 222 231 229 246 106 
231 226 238 250 103 183 251 245 153 99 154 224 243 248 
255 233 191 216 246 229 249 238 223 223 134 180 203 171 
82 235 137 253 113 166 215 107 124 173 196 188 148 249 
213 150 169 178 247 227 222 144 233 203 101 244 252 199 
217 246 229 245 202 97 168 222 245 164 122 253 250 208 
56 231 214 210 196 199 244 228 229 207 222 155 228 242 
180 209 229 150 255 221 237 132 233 228 249 251 234 51 
239 229 191 225 216 236 232 164 152 211 177 211 244 214 
254 255 221 180 182 205 159 192 248 237 165 178 252 202 
194 248 225 106 239 208 226 246 235 185 211 233 252 198 
234 241 245 102 80 207 163 161 244 234 254 244 205 189 
164 127 220 253 208 205 153 196 244 230 187 226 226 143 
231 187 249 205 135 224 231 230 175 203 181 222 204 247 
254 203 166 199 231 241 220 109 198 204 120 166 203 241 
108 164 209 235 238 244 209 222 229 169 167 172 208 184 
207 125 185 230 92 193 239 188 137 234 221 129 128 234 
250 157 242 210 218 251 194 193 247 119 219 119 245 241 
186 43 169 219 219 174 242 160 209 114 43 149 206 185 
234 240 227 200 215 233 237 213 201 234 250 225 251 252 
153 227 235 196 157 160 163 200 242 149 238 254 251 255 
203 236 246 246 212 251 226 218 245 191 221 232 233 213 
236 254 254 223 246 201 208 220 227 247 221 227 231 183 
224 234 210 254 254 119 191 241 251 197 187 180 251 247 
226 255 210 60 240 132 233 226 225 172 213 193 159 101 
239 177 222 251 143 190 193 132 237 250 246 243 221 210 
142 206 202 163 214 232 247 146 251 247 233 177 177 157 
248 171 227 186 155 139 138 45 187 233 254 238 209 252 
206 252 119 179 169 127 178 228 222 173 184 129 252 191 
162 243 206 208 241 175 244 214 221 160 226 214 227 244 
148 169 201 218 253 193 252 205 239 219 186 150 238 193 
240 246 249 151 143 254 217 220 193 203 247 184 173 239 
234 208 142 203 225 191 232 63 223 216 234 44 244 111 
217 240 214 252 220 190 205 195 97 214 169 249 115 247 
202 168 219 226 180 251 247 243 170 234 227 242 182 205 
211 212 176 227 240 141 97 234 138 211 242 247 164 243 
241 177 168 97 173 216 135 216 228 169 157 174 152 123 
242 127 233 191 120 246 239 178 207 184 250 221 231 189 
191 198 112 251 227 249 239 234 202 144 146 251 244 221 
222 238 243 212 229 115 240 175 245 255 206 205 132 216 
158 230 204 247 166 215 181 166 93 241 239 224 253 235 
185 201 211 128 105 253 245 229 231 231 251 176 216 92 
118 174 249 253 204 228 244 208 242 243 255 228 215 249 
249 248 223 234 252 246 219 194 246 105 235 188 113 241 
248 70 248 185 216 168 255 250 195 91 212 206 66 245 
200 226 133 221 231 193 245 142 199 130 130 152 248 175 
200 245 238 225 203 185 153 145 188 169 209 185 255 249 
209 146 191 209 146 229 181 193 230 128 181 223 247 184 
199 240 213 254 84 240 245 246 248 224 155 235 171 224 
248 233 157 222 210 135 249 187 141 172 198 217 196 130 
136 248 134 171 210 124 207 246 119 251 231 237 211 234 
241 205 242 235 238 208 253 185 192 232 238 254 136 164 
240 199 205 232 146 231 218 214 191 246 218 191 244 237 
151 194 202 177 220 104 243 220 62 248 249 224 230 212 
214 184 198 166 149 222 174 177 246 225 252 210 197 115 
180 163 172 223 212 249 238 68 207 255 253 186 225 215 
246 228 243 244 205 82 253 199 250 251 159 237 206 137 
209 250 212 249 220 229 162 244 249 246 214 246 252 247 
