24 147 244 230 34 179 242 244 166 122 39 67 245 76 
121 188 173 205 172 147 177 148 57 115 12 47 237 59 
50 90 233 203 150 242 62 202 146 221 80 86 200 93 
5 102 116 239 232 198 129 195 125 92 104 89 177 90 
255 211 181 225 105 157 80 58 41 68 17 171 170 6 
169 3 97 42 195 231 193 99 70 21 141 132 230 35 
223 106 89 152 226 211 246 70 107 255 19 238 82 153 
180 159 152 128 65 230 64 155 175 33 199 57 173 119 
76 132 87 94 253 196 224 194 138 72 198 38 27 231 
230 250 175 231 255 34 54 197 212 132 3 242 147 128 
131 155 134 8 139 221 94 108 102 97 215 193 79 140 
29 119 218 32 75 89 164 220 252 134 64 164 156 44 
26 4 41 40 210 83 191 60 249 209 28 94 41 23 
217 48 18 151 160 195 162 34 133 176 235 200 206 57 
135 246 253 209 116 108 209 10 76 68 152 167 8 48 
214 119 149 190 101 82 29 102 53 247 57 135 25 43 
182 100 45 104 128 220 11 196 79 136 22 1 227 79 
50 96 218 76 196 198 176 17 88 219 112 45 67 51 
240 209 112 211 232 217 255 131 154 117 101 13 35 107 
128 176 111 226 166 56 254 84 142 204 213 117 187 158 
148 171 0 119 107 249 102 26 218 210 167 194 15 170 
231 152 157 252 85 74 231 198 147 209 177 186 70 4 
133 147 242 194 47 173 125 9 215 206 209 54 193 220 
77 217 90 103 239 190 120 125 58 208 0 141 187 16 
245 117 15 205 214 100 137 33 204 135 153 95 81 100 
226 139 226 93 69 61 25 40 162 121 50 160 125 189 
232 74 92 18 41 162 129 162 125 168 199 179 143 217 
55 251 151 49 88 112 206 59 141 101 169 122 144 159 
204 248 158 145 193 170 217 68 49 200 156 95 240 175 
166 147 231 132 7 205 246 206 115 8 80 136 34 99 
69 117 93 153 230 229 81 250 109 45 201 195 140 167 
70 233 233 170 245 124 130 135 97 246 114 153 1 123 
103 94 99 11 208 204 77 185 47 6 1 202 16 213 
234 248 241 203 129 175 57 175 219 134 137 144 159 213 
116 93 58 202 24 69 36 223 168 40 241 226 127 239 
167 24 50 102 130 167 13 92 153 235 239 182 193 216 
146 131 240 218 250 216 157 148 43 224 118 237 224 248 
98 143 85 227 242 226 37 101 181 221 43 69 114 174 
194 255 58 165 143 191 211 37 191 14 248 200 104 114 
130 92 245 136 135 59 217 38 75 207 126 126 193 151 
90 152 72 100 165 52 61 48 98 83 16 199 174 50 
196 91 240 178 87 74 178 212 66 106 158 193 65 16 
124 206 85 34 167 156 122 124 176 123 12 193 182 39 
236 240 135 94 145 39 81 129 19 168 235 195 228 118 
225 205 239 109 41 141 204 140 59 67 146 217 213 91 
156 30 249 129 253 139 3 80 132 140 187 224 238 97 
120 42 227 202 228 38 224 82 64 200 61 51 127 10 
47 239 247 27 50 153 7 198 185 24 242 106 144 18 
22 132 95 141 253 125 162 123 7 68 29 118 77 30 
44 178 31 79 112 29 107 16 221 95 6 69 132 207 
207 129 93 113 11 100 13 156 13 76 61 124 94 56 
134 232 120 71 221 1 117 127 122 175 13 72 150 6 
132 34 44 72 58 110 132 192 145 56 192 3 101 113 
183 178 89 243 15 31 237 123 14 138 203 249 100 220 
112 115 57 37 119 218 5 224 39 172 75 130 69 197 
65 218 62 107 25 163 124 99 143 23 33 232 65 131 
136 123 33 31 63 150 230 99 63 52 36 204 19 110 
227 30 174 74 160 212 165 18 0 152 6 66 159 245 
66 156 61 76 140 199 177 221 186 191 84 61 158 209 
144 126 247 207 211 228 15 65 140 131 50 166 150 237 
93 45 187 163 182 79 141 178 146 80 204 211 171 236 
36 52 81 143 79 225 29 54 205 109 55 44 51 23 
186 167 166 23 226 32 101 144 19 15 184 190 79 194 
199 102 17 84 89 254 227 25 49 150 133 3 238 187 
8 155 11 242 89 225 56 196 49 91 48 93 26 43 
75 160 142 255 76 100 111 27 68 251 2 49 207 129 
75 49 50 105 238 66 43 219 74 133 223 220 147 225 
208 249 46 140 194 59 42 184 102 60 188 189 8 206 
55 152 140 249 40 71 138 204 197 134 23 43 243 29 
119 109 38 35 105 231 61 25 215 97 99 68 216 124 
235 54 243 102 1 7 142 253 79 64 133 148 166 73 
206 106 131 12 241 30 180 79 47 136 226 232 108 215 
54 252 100 168 245 19 124 39 139 113 7 15 212 8 
175 112 91 204 239 72 239 176 134 12 84 98 158 177 
68 185 0 178 83 38 25 83 216 213 176 16 254 191 
163 87 194 228 164 46 236 84 95 153 252 104 243 172 
135 176 218 109 107 221 72 151 217 122 38 158 244 140 
89 45 19 241 34 114 134 164 71 234 27 120 248 138 
4 4 51 96 89 250 20 17 205 181 143 1 108 77 
211 19 206 152 120 250 129 39 0 126 40 154 168 239 
208 161 215 73 63 193 209 224 122 184 242 252 248 203 
160 76 12 190 124 8 141 172 143 4 85 107 199 7 
199 246 32 56 242 197 28 175 181 144 83 140 113 252 
111 67 157 107 209 231 239 59 113 202 221 144 228 205 
137 158 87 116 174 231 152 140 230 75 116 253 15 150 
3 140 32 186 220 75 223 200 55 69 153 61 114 186 
167 1 12 84 81 129 183 216 116 25 93 190 34 105 
222 40 141 142 220 11 65 10 161 22 231 15 145 100 
27 70 222 20 76 242 109 236 110 247 89 249 178 112 
134 214 228 36 5 157 117 105 123 10 127 65 112 21 
14 113 90 181 24 90 214 46 128 204 67 36 98 4 
197 36 27 211 180 203 64 213 212 210 170 39 0 200 
39 45 18 4 132 209 128 188 75 153 212 236 150 139 
51 212 88 205 148 112 108 238 161 211 246 149 10 164 
205 59 2 205 206 30 108 110 107 101 30 135 59 254 
251 144 20 59 252 130 22 80 151 124 164 59 23 151 
154 141 140 205 177 97 216 179 137 241 96 173 27 177 
163 136 110 156 37 250 148 91 89 199 37 183 238 151 
14 34 140 175 26 139 30 114 32 228 77 183 193 144 
153 32 46 196 34 159 62 85 162 209 120 217 73 144 
236 76 228 219 96 142 15 80 91 74 132 62 147 129 
195 168 25 233 92 147 23 118 218 7 8 169 161 176 
140 177 206 7 39 16 11 244 188 240 130 36 76 130 
108 179 211 197 145 85 23 10 23 137 180 219 76 7 
15 30 87 91 80 103 25 155 63 25 178 125 72 239 
25 20 122 109 25 7 149 103 33 36 206 88 171 116 
33 75 177 69 231 4 116 165 219 35 118 180 56 65 
70 40 241 95 138 5 237 141 62 97 237 203 180 19 
144 244 88 169 253 182 90 173 244 42 11 52 101 220 
109 18 61 134 24 113 90 175 93 136 125 60 145 197 
14 74 24 52 15 107 197 19 207 122 16 109 234 112 
127 25 117 244 249 26 11 232 191 14 60 165 51 255 
11 2 98 245 37 226 100 243 213 187 16 232 70 197 
172 237 213 155 202 24 45 164 215 55 60 19 167 84 
164 18 50 95 204 51 150 243 149 235 252 203 42 182 
175 6 132 125 167 182 77 132 65 6 140 24 251 108 
180 246 53 150 212 241 23 186 231 169 42 133 220 254 
209 28 120 3 186 17 120 123 159 201 11 223 44 70 
194 135 220 226 22 98 182 20 194 101 79 184 26 158 
254 28 101 29 205 145 197 175 168 182 6 79 21 6 
203 132 246 218 224 176 136 98 20 65 118 39 178 212 
5 143 173 199 10 180 163 218 43 100 128 62 176 205 
248 69 77 140 33 173 125 73 75 59 115 218 214 191 
176 205 251 109 62 175 171 9 5 132 146 7 163 42 
130 247 112 143 54 69 207 96 105 172 227 31 208 29 
151 209 96 119 146 123 145 253 214 83 155 251 41 141 
81 131 105 14 217 228 211 130 39 174 120 17 41 159 
47 235 51 4 141 208 98 222 171 9 191 115 130 154 
206 40 99 146 97 69 125 30 94 168 42 88 168 197 
154 41 230 121 68 185 66 82 245 255 115 223 82 242 
106 236 219 114 18 74 129 224 248 167 196 75 68 39 
236 108 222 220 187 243 150 32 3 225 137 191 145 185 
217 153 187 163 230 24 253 188 20 174 20 97 24 25 
145 45 126 118 33 24 145 163 203 147 63 95 36 134 
92 139 129 246 156 250 6 178 253 17 255 171 68 107 
132 109 172 228 42 79 160 4 144 143 96 66 121 173 
8 10 17 222 183 70 179 177 145 2 167 7 185 132 
46 70 229 14 84 10 78 202 177 39 80 246 198 224 
188 163 24 225 189 90 141 134 114 253 219 73 137 22 
176 7 122 207 165 55 8 20 118 187 95 151 136 68 
216 166 173 63 38 200 254 108 135 0 58 64 246 143 
42 96 21 17 147 89 204 83 109 92 0 230 216 243 
92 71 207 249 89 46 109 200 51 250 138 243 252 24 
25 187 105 165 133 103 198 178 89 231 134 91 119 85 
114 206 223 250 37 83 243 77 115 2 106 144 93 143 
3 58 164 140 27 133 252 111 146 61 44 73 242 102 
17 92 107 63 225 187 252 9 139 58 138 74 176 16 
123 70 244 169 69 108 66 222 38 124 15 133 81 196 
39 119 180 250 140 165 4 113 225 107 135 20 188 218 
87 238 148 5 199 58 102 233 172 175 53 61 197 3 
222 248 204 188 251 222 161 64 247 236 66 225 6 177 
150 208 60 65 37 65 195 67 102 29 238 84 237 234 
51 7 122 49 72 129 233 183 203 163 18 33 70 230 
51 118 78 47 156 62 119 228 243 19 253 246 43 238 
166 151 122 245 73 111 11 160 57 93 88 225 133 86 
242 111 218 54 53 152 224 120 33 83 137 78 63 214 
92 228 244 53 65 169 96 247 24 211 29 247 204 118 
106 54 210 39 26 41 226 99 174 111 160 168 196 26 
179 209 204 152 69 132 39 17 90 53 12 7 218 165 
48 226 146 250 91 66 65 233 74 127 157 208 144 137 
127 90 177 37 231 74 90 140 121 171 199 37 212 11 
183 236 176 44 13 216 42 47 69 71 35 110 158 168 
119 206 191 239 13 132 236 252 107 209 83 38 184 1 
129 222 80 249 167 128 250 136 19 2 213 203 175 199 
164 224 167 241 69 127 90 236 221 145 135 72 145 62 
97 217 38 125 193 166 110 93 35 248 161 240 234 156 
77 180 217 65 37 99 47 94 87 51 33 10 28 119 
28 213 156 47 51 38 151 202 193 117 62 171 0 104 
201 193 71 4 205 112 168 178 86 37 142 119 56 30 
233 38 208 18 191 107 42 93 78 114 163 62 173 164 
20 213 172 102 231 147 67 64 31 163 253 206 8 124 
140 54 172 221 124 122 154 155 98 57 184 22 94 92 
112 190 22 19 179 247 136 174 141 220 165 90 160 171 
47 51 71 199 125 156 71 56 103 163 186 90 184 122 
200 221 20 206 44 101 225 182 229 132 123 216 189 91 
94 70 108 191 194 237 169 164 149 6 66 215 136 80 
136 152 245 65 13 236 145 5 80 75 118 49 234 199 
186 66 203 131 74 202 38 24 218 30 103 170 167 79 
176 50 194 115 146 248 60 217 101 45 202 21 36 95 
113 77 241 208 250 198 15 137 144 68 124 19 235 81 
44 74 65 238 186 229 57 189 145 116 168 169 26 30 
65 93 127 205 173 38 208 21 116 131 133 113 191 35 
2 135 240 113 48 63 179 228 50 99 93 251 248 10 
255 179 171 96 202 62 67 232 27 106 246 238 100 235 
74 43 202 200 104 183 103 117 235 88 55 200 212 4 
243 195 119 181 243 23 48 82 162 67 181 30 159 112 
93 11 26 217 44 74 187 161 3 217 255 10 18 197 
151 22 132 93 188 80 25 180 163 192 233 107 31 237 
179 179 108 70 68 168 9 73 206 106 93 186 130 210 
225 202 125 224 114 78 215 24 225 66 172 51 52 58 
212 209 135 55 43 15 205 33 79 223 38 185 78 94 
213 109 79 166 160 127 82 231 253 247 18 47 225 214 
118 158 97 19 221 151 71 8 234 70 198 43 184 95 
191 190 120 28 142 77 231 250 12 214 62 12 24 254 
190 58 84 56 56 245 75 47 9 228 206 92 119 244 
18 227 236 208 139 96 242 196 6 150 115 170 186 26 
165 255 94 62 113 31 65 127 61 78 35 242 67 7 
48 104 14 148 154 50 222 0 241 91 170 157 90 179 
238 47 120 60 58 87 95 103 21 213 23 130 127 129 
20 186 104 184 195 56 115 72 119 140 209 43 109 169 
170 161 23 83 93 154 100 182 23 113 73 11 89 115 
57 183 131 195 181 149 205 251 185 109 52 1 131 95 
76 129 200 43 211 241 55 75 144 252 194 111 218 114 
239 48 246 91 19 218 157 58 22 246 53 176 149 133 
117 159 184 26 76 5 98 96 19 187 125 175 136 172 
114 182 240 178 197 129 157 43 81 42 200 208 186 93 
94 57 181 197 222 83 184 251 146 128 79 88 80 112 
246 251 253 27 41 233 214 99 19 164 212 137 86 208 
98 246 129 47 209 62 99 185 98 128 228 179 16 200 
75 195 223 24 129 133 118 77 5 154 157 36 93 231 
149 166 42 151 247 133 65 201 228 87 53 30 121 123 
87 138 39 19 198 245 28 75 193 77 78 99 144 99 
225 19 33 90 32 170 80 71 154 134 130 233 129 29 
178 188 66 68 250 219 211 141 114 52 200 227 96 7 
185 250 240 71 6 78 47 4 181 66 170 92 137 78 
37 238 139 28 117 237 87 214 33 23 118 148 121 133 
195 58 165 0 170 223 240 182 70 4 1 203 147 4 
174 184 247 154 220 191 140 107 167 42 81 236 219 127 
29 57 141 147 47 150 87 156 195 192 49 142 182 8 
55 209 199 166 146 33 154 252 233 141 126 149 68 124 
156 40 23 125 141 80 194 110 39 206 63 2 174 100 
2 152 66 122 30 31 232 197 66 166 164 217 91 35 
31 32 92 129 240 32 126 125 171 106 89 130 80 60 
217 101 77 89 173 114 13 164 155 63 239 183 249 105 
160 162 184 34 130 191 115 94 74 85 41 80 208 30 
140 181 118 69 100 190 149 198 161 139 106 26 13 35 
195 228 181 180 6 252 220 178 251 76 79 237 51 134 
150 177 111 14 170 67 18 14 74 0 1 159 53 101 
45 254 72 178 91 245 130 7 108 234 96 4 253 17 
74 140 173 45 139 23 66 253 16 189 50 55 18 33 
182 69 118 91 210 172 178 125 54 254 71 46 157 118 
56 226 25 155 152 214 78 149 128 242 207 109 87 93 
0 154 14 136 13 218 53 65 195 219 134 194 135 203 
42 180 6 179 23 71 169 0 149 237 140 166 49 33 
73 196 168 30 45 249 112 56 24 36 183 123 243 131 
7 216 117 209 1 132 181 27 165 254 30 26 3 20 
201 82 28 166 166 87 70 42 3 159 5 241 4 71 
235 81 123 234 198 19 246 239 14 252 159 37 37 216 
232 21 155 174 239 65 12 102 188 183 170 140 104 90 
27 201 240 183 148 208 187 37 141 231 174 90 68 13 
229 46 226 196 15 60 197 248 17 86 15 231 65 217 
159 143 70 20 193 58 242 65 81 63 215 237 248 235 
158 29 223 240 16 240 199 195 0 72 21 199 9 96 
171 132 84 223 250 100 66 169 247 121 224 44 171 75 
76 28 189 135 180 79 108 120 126 114 173 179 235 235 
67 86 25 64 39 81 115 143 15 237 223 10 180 9 
149 22 179 142 150 35 91 248 197 126 97 33 142 115 
178 65 75 191 49 236 19 175 223 118 15 4 227 65 
40 119 111 59 230 212 42 125 253 186 159 125 114 57 
55 244 111 67 141 141 152 70 210 15 232 253 11 103 
126 96 70 39 104 86 38 229 169 220 48 130 155 226 
60 169 60 241 163 190 201 109 214 34 121 139 153 74 
7 106 213 93 80 134 185 169 89 154 19 230 157 199 
116 243 190 251 144 20 222 55 82 161 53 202 238 235 
3 153 223 87 183 149 254 31 13 230 88 32 138 203 
129 176 8 177 208 137 18 24 111 101 0 197 64 201 
66 247 39 250 13 212 94 116 99 208 72 141 19 234 
67 67 79 62 116 124 90 189 29 2 181 109 235 190 
63 33 246 137 74 180 183 38 226 15 247 151 39 208 
141 48 147 171 36 27 222 145 189 134 218 0 66 152 
23 212 5 43 223 173 126 21 154 174 144 226 130 234 
34 208 36 36 117 133 91 24 191 99 250 65 36 102 
2 11 63 180 46 106 205 82 80 5 120 42 178 10 
251 26 86 221 100 1 213 105 169 65 139 131 86 186 
66 228 14 241 189 199 162 31 180 33 101 13 52 73 
170 186 103 54 76 237 139 81 60 51 239 123 195 202 
116 59 34 2 98 20 165 28 249 143 247 222 7 113 
252 245 217 98 245 49 74 23 95 224 46 148 177 134 
131 145 149 49 15 222 60 144 23 236 10 46 213 240 
237 240 180 11 162 209 8 12 133 215 161 188 149 77 
95 88 26 150 231 201 235 241 186 59 17 73 37 48 
188 74 110 240 253 66 39 111 168 192 111 208 173 229 
22 207 89 188 76 222 49 24 34 83 203 74 96 92 
173 74 161 214 234 204 217 54 197 191 216 11 221 20 
126 147 36 188 142 218 170 110 165 80 235 147 165 208 
128 241 132 81 129 255 108 25 225 180 214 216 229 177 
135 216 151 67 98 159 27 104 120 75 210 94 56 208 
233 149 123 25 34 250 90 110 54 98 152 255 150 117 
60 113 196 104 94 231 78 79 207 119 8 125 142 113 
236 150 7 204 5 187 4 74 63 180 255 129 157 198 
104 21 72 74 157 233 19 233 42 145 89 37 64 207 
253 142 83 33 98 26 159 158 252 115 0 74 227 32 
72 195 7 53 38 226 226 156 104 234 38 70 105 29 
69 150 85 244 121 140 89 98 108 217 213 230 138 148 
133 78 143 244 98 27 181 168 35 26 226 78 24 128 
52 245 119 134 153 227 87 254 148 6 198 142 81 35 
188 125 19 147 157 249 140 177 199 217 124 219 138 8 
174 12 98 21 152 34 79 45 252 172 220 99 127 81 
174 71 59 195 54 18 21 203 154 52 16 104 102 28 
165 57 203 106 20 39 221 217 187 144 3 166 204 131 
11 79 177 45 254 80 172 251 53 15 149 166 200 143 
167 65 135 93 23 49 13 29 236 212 160 104 176 196 
134 247 17 236 37 43 124 219 192 32 73 43 40 128 
24 43 170 9 32 17 116 204 48 111 176 94 229 207 
255 240 249 208 130 2 205 66 95 40 184 16 221 251 
210 49 187 171 2 169 51 247 140 136 86 225 131 34 
207 233 236 16 103 242 56 49 106 137 239 177 56 79 
54 108 29 102 117 255 234 204 175 41 139 60 122 131 
217 101 194 159 132 210 165 249 80 29 201 123 144 47 
111 141 205 158 149 16 62 77 66 33 121 146 41 56 
100 83 232 81 42 181 86 31 69 45 18 141 255 153 
254 184 108 108 225 41 145 112 101 104 233 133 223 160 
111 240 42 68 241 223 35 174 106 138 248 67 170 154 
40 26 166 175 6 91 44 242 49 154 159 128 19 42 
229 46 225 17 57 6 150 118 161 197 191 228 212 137 
157 32 139 151 249 90 179 28 153 211 143 240 135 120 
128 185 205 68 29 138 2 226 97 14 160 11 190 52 
58 137 241 159 146 26 90 150 102 208 215 90 250 56 
142 146 83 166 201 244 165 229 227 209 137 117 80 184 
50 217 120 47 40 80 31 113 197 69 145 237 213 168 
227 36 90 177 80 42 125 255 65 210 157 38 118 143 
241 90 206 76 31 198 165 196 65 0 186 35 128 174 
229 245 52 66 193 142 211 144 23 210 155 222 112 136 
187 192 49 174 164 30 110 187 153 17 212 129 137 39 
98 114 192 12 216 108 170 144 203 104 59 226 17 161 
116 184 169 20 249 52 152 91 177 72 232 35 93 134 
220 76 62 183 140 107 218 139 26 219 2 232 221 44 
103 125 12 44 214 54 109 229 154 213 173 217 124 116 
74 1 161 195 57 222 184 168 35 32 229 151 116 109 
4 60 71 223 65 127 3 127 251 113 114 244 69 116 
59 89 0 63 118 148 200 188 163 101 155 155 220 34 
116 155 140 125 138 16 9 17 55 189 199 178 206 197 
233 34 150 159 205 84 173 223 109 31 218 144 71 73 
112 211 178 103 75 250 251 59 96 213 162 99 180 247 
156 145 166 160 199 196 174 155 181 90 117 160 169 116 
49 221 18 14 157 81 252 134 144 153 67 157 58 131 
115 111 202 156 191 118 124 86 166 85 235 197 147 112 
30 102 45 94 132 58 194 84 252 145 215 105 168 153 
231 65 71 100 63 214 14 102 25 115 56 139 193 166 
19 54 64 121 17 56 181 30 20 225 41 10 28 54 
127 73 61 219 191 199 121 166 31 151 192 90 136 129 
203 111 222 210 246 115 127 97 47 218 107 108 46 210 
114 29 28 213 72 8 199 57 138 85 191 177 75 16 
51 223 165 149 67 217 235 221 199 8 15 84 26 157 
201 235 190 70 114 50 94 82 186 53 39 99 164 161 
206 242 245 201 140 24 245 206 61 32 206 13 223 93 
103 228 171 237 39 67 178 40 102 79 166 90 248 67 
106 123 127 169 149 234 241 71 72 117 228 246 164 107 
127 96 76 96 162 124 61 245 241 181 123 200 102 227 
236 163 214 89 47 151 133 63 24 190 34 245 133 125 
104 92 36 185 16 216 142 88 75 86 13 24 121 75 
165 242 221 166 106 118 84 99 27 127 82 191 116 3 
157 184 89 238 216 65 142 95 189 232 248 75 213 167 
52 12 170 95 75 120 8 3 236 255 72 111 167 73 
115 118 62 19 62 32 234 153 237 3 53 115 145 130 
41 115 22 125 245 230 76 87 127 168 94 76 23 85 
37 36 186 135 159 209 144 73 248 181 42 241 46 22 
146 138 123 137 255 88 29 12 213 77 129 95 161 249 
167 255 227 166 71 213 133 77 41 241 235 243 53 92 
124 219 101 106 8 94 188 23 234 34 160 56 147 183 
196 140 80 18 232 73 112 65 67 4 26 15 219 27 
105 22 182 122 81 208 187 117 162 45 62 13 96 49 
37 206 186 130 26 192 115 85 53 164 209 248 210 165 
128 36 226 36 221 64 251 178 166 168 73 7 189 240 
52 193 95 17 157 16 196 213 246 198 197 82 185 238 
200 121 109 251 107 65 80 240 227 157 15 197 236 57 
236 165 191 53 24 39 235 125 187 94 98 163 100 143 
200 63 232 6 95 52 130 68 90 215 128 31 74 194 
118 164 252 27 164 53 224 8 142 177 81 224 87 238 
206 142 219 24 109 247 243 205 10 212 107 45 128 92 
245 139 126 58 255 30 85 198 239 248 10 240 179 4 
225 5 67 17 21 45 232 101 142 39 34 9 19 2 
108 117 24 222 95 133 179 28 182 106 249 236 189 16 
5 206 245 47 173 49 155 116 37 16 231 176 161 244 
233 237 236 55 66 187 255 28 128 180 252 69 240 64 
29 113 178 198 212 58 141 153 89 179 128 187 159 83 
190 176 196 14 6 63 190 219 196 2 236 77 84 213 
67 169 168 188 120 102 198 247 142 81 13 168 185 35 
57 62 185 80 32 62 188 191 65 252 194 212 5 178 
166 177 72 67 114 204 6 147 246 88 142 0 211 183 
18 59 210 253 159 104 182 64 207 73 181 168 117 41 
114 68 227 52 222 140 175 167 50 96 180 253 219 107 
130 151 74 250 229 188 35 132 250 186 227 52 19 4 
5 79 65 220 144 0 170 179 252 178 80 239 170 132 
214 89 142 154 244 128 73 220 54 151 118 215 22 149 
138 76 236 174 189 188 169 72 211 53 78 55 254 4 
43 0 86 75 79 132 38 201 218 131 110 163 201 2 
95 1 212 71 237 120 17 231 68 242 47 143 161 153 
213 167 76 40 20 123 239 233 217 113 21 95 219 61 
109 30 48 88 159 25 3 11 40 96 165 250 84 123 
114 215 242 98 11 181 122 64 8 234 194 93 147 249 
214 97 220 57 32 56 55 30 211 190 227 228 198 128 
143 126 238 3 34 208 249 227 210 100 166 230 98 209 
61 175 228 136 71 216 234 105 235 133 101 186 217 213 
77 76 130 135 76 148 43 87 39 219 134 244 67 100 
242 154 242 254 183 224 27 234 239 183 23 62 24 62 
206 22 201 21 110 80 246 210 63 48 249 109 39 72 
35 74 187 128 20 230 86 123 64 142 22 132 74 195 
55 159 247 80 148 174 189 144 128 21 207 196 37 144 
81 58 209 238 6 62 189 29 23 57 212 101 196 54 
87 145 136 235 55 49 247 233 160 12 12 178 64 161 
81 225 18 164 195 136 2 99 17 140 110 213 95 127 
59 46 8 17 5 38 237 99 19 74 200 244 134 127 
0 13 247 161 239 213 183 136 167 173 101 193 224 135 
94 4 45 120 189 40 31 218 15 11 210 198 109 200 
188 142 8 5 45 98 167 120 115 21 23 22 107 202 
145 114 32 55 178 154 22 65 78 219 82 10 255 107 
166 143 170 232 20 104 144 133 248 140 93 209 113 10 
161 31 249 30 73 201 187 151 51 220 29 244 67 38 
173 216 82 59 21 7 189 60 119 196 177 222 78 194 
63 161 151 8 159 215 87 212 198 218 20 116 109 160 
208 59 224 20 32 175 5 134 5 198 241 232 129 114 
147 76 234 70 22 162 149 128 79 11 55 30 141 91 
24 136 182 25 69 27 147 25 65 49 225 139 126 164 
230 45 118 169 184 171 32 129 179 41 220 131 1 218 
92 113 236 119 13 74 7 82 118 65 249 174 119 135 
4 52 38 37 229 167 17 189 88 128 246 25 216 133 
113 121 156 185 255 150 3 21 211 189 131 176 59 5 
230 61 232 239 67 198 145 66 23 143 34 105 129 154 
59 100 13 80 69 246 83 254 12 221 98 174 184 120 
228 37 143 195 30 60 59 255 122 254 127 56 127 69 
255 182 53 103 232 233 146 46 206 71 125 208 184 250 
192 223 171 99 101 30 164 110 212 171 156 122 78 150 
149 179 24 8 81 79 27 198 88 116 168 126 117 177 
140 97 184 229 165 240 0 245 145 195 47 123 210 43 
230 61 86 165 130 195 128 56 236 98 126 33 111 46 
43 192 56 221 176 16 252 192 36 207 85 108 203 93 
29 18 222 119 155 96 107 42 237 129 194 215 94 225 
10 186 147 224 110 145 46 185 104 220 167 28 20 56 
22 124 149 22 206 61 60 227 113 180 93 190 82 112 
248 140 26 237 19 23 120 134 104 14 215 181 119 35 
115 127 68 232 169 195 136 95 126 237 139 162 81 242 
10 77 204 51 31 199 178 33 2 125 39 190 27 27 
80 9 131 190 48 202 74 164 13 192 9 189 194 2 
41 101 213 195 16 251 233 247 143 48 42 164 19 112 
179 122 215 149 75 189 249 169 5 196 23 148 200 230 
97 233 224 240 129 26 81 26 100 3 242 24 79 227 
126 241 63 96 132 89 41 35 118 132 26 83 253 29 
223 148 8 42 153 138 225 149 93 1 32 157 115 83 
120 74 164 190 55 226 25 200 99 14 214 237 230 91 
246 26 67 173 211 178 195 47 188 80 18 72 6 104 
61 152 12 55 41 140 240 108 132 91 182 1 9 190 
231 99 129 118 207 253 242 141 61 59 56 235 227 140 
184 41 223 108 48 99 163 122 208 202 209 122 127 177 
240 64 235 241 58 16 129 223 135 9 181 22 138 16 
187 255 125 184 240 136 214 132 51 115 127 202 37 109 
175 14 106 241 249 28 123 135 242 86 215 107 179 240 
117 38 121 146 252 193 25 108 178 197 241 252 13 122 
214 175 34 10 200 199 121 119 39 178 212 251 202 0 
115 192 66 219 108 146 229 75 243 229 163 159 158 243 
165 2 235 154 144 46 75 202 219 163 166 150 26 53 
38 30 196 117 126 177 5 165 62 34 0 252 225 50 
58 220 196 159 253 198 244 33 135 18 185 184 193 179 
41 61 60 85 192 51 114 227 198 86 14 230 37 248 
196 38 158 184 132 228 134 23 234 142 173 178 31 189 
12 163 255 44 166 153 176 67 0 114 184 198 108 109 
74 235 108 40 199 99 248 244 142 187 145 178 146 29 
8 64 57 88 146 173 17 41 183 216 98 115 212 70 
248 23 134 77 56 28 222 29 145 182 220 17 87 170 
215 130 61 78 17 136 37 62 193 78 104 207 112 69 
33 166 122 107 142 248 38 121 211 158 130 40 141 235 
225 96 15 120 167 18 197 226 196 201 132 64 118 128 
110 70 220 59 37 85 200 215 63 49 210 89 236 18 
39 103 206 77 165 169 120 77 225 98 76 5 119 72 
136 230 170 105 8 0 213 193 140 122 37 3 176 128 
13 65 147 64 57 178 63 35 205 232 15 155 104 96 
161 200 193 249 81 128 5 124 219 178 46 244 148 86 
253 206 105 77 247 160 240 247 220 148 94 18 195 216 
243 224 142 196 156 102 101 123 138 153 214 122 227 17 
24 168 150 227 49 27 142 169 247 121 201 136 94 218 
62 9 185 71 160 151 96 244 156 139 247 81 15 168 
72 78 40 131 102 195 213 226 253 59 242 70 3 214 
13 33 192 23 199 219 233 155 213 169 10 25 252 128 
14 147 162 192 114 110 186 223 224 195 154 33 123 60 
119 218 204 166 23 36 39 50 131 54 143 148 81 138 
146 127 239 136 80 103 85 231 223 134 176 119 246 39 
247 134 115 100 11 193 212 237 136 209 138 62 91 188 
0 236 114 203 78 25 28 249 230 2 127 63 166 99 
239 2 141 213 76 85 172 190 142 240 218 171 161 83 
133 9 235 41 250 163 122 118 120 8 88 35 149 134 
251 25 26 42 254 118 103 188 119 44 199 176 21 104 
21 224 236 23 91 57 32 212 241 64 112 77 63 90 
59 82 232 167 116 255 71 66 151 236 181 65 165 54 
114 166 225 58 101 189 217 103 245 239 187 230 33 68 
53 81 44 219 250 226 201 126 236 73 129 24 43 171 
45 116 155 147 195 4 127 226 57 143 160 182 141 216 
110 70 228 23 80 165 47 254 189 164 53 105 246 49 
209 154 139 94 19 166 137 50 208 108 252 34 140 39 
56 150 109 216 132 175 144 172 49 152 246 83 38 54 
95 57 2 183 211 209 245 46 195 206 74 154 63 136 
105 225 111 61 129 65 2 23 117 213 133 24 239 8 
192 59 206 244 189 227 126 196 220 30 48 225 4 228 
144 92 63 254 126 55 5 219 0 240 126 28 77 207 
186 231 35 77 212 205 38 198 4 236 2 139 21 92 
150 192 108 244 221 114 5 82 249 175 252 9 253 151 
135 184 67 64 234 221 2 248 170 158 185 112 14 142 
44 198 48 96 165 251 237 237 38 19 73 24 138 10 
200 87 3 199 215 127 205 110 113 59 139 107 93 193 
188 115 201 215 232 80 190 60 130 46 160 91 10 118 
223 155 170 196 194 123 97 202 96 134 112 152 234 67 
123 105 152 38 192 60 177 82 129 116 42 249 205 82 
2 224 191 24 37 225 28 23 204 192 92 136 227 16 
6 45 155 65 151 164 40 117 236 112 150 42 152 250 
201 122 121 217 58 150 105 179 252 198 89 91 66 27 
187 115 55 225 232 203 168 99 92 233 8 10 40 27 
221 32 131 227 188 7 240 227 104 109 7 130 211 137 
187 104 63 230 36 107 114 11 30 124 44 54 188 194 
236 154 69 232 60 97 232 189 95 240 177 53 199 74 
56 167 20 251 5 132 11 205 102 209 44 64 118 203 
252 36 47 8 88 65 44 75 161 191 208 17 10 226 
161 167 243 183 59 233 208 100 129 38 12 124 250 141 
121 18 80 165 64 41 169 52 30 130 188 156 15 166 
86 133 209 23 193 220 34 14 60 91 231 182 225 81 
214 43 185 236 147 64 92 230 127 113 189 7 53 233 
63 13 9 253 21 221 157 93 222 67 93 47 150 242 
194 221 18 39 30 222 40 171 130 91 182 225 236 44 
63 57 118 209 254 139 35 195 179 85 116 252 33 62 
20 10 137 81 4 9 1 103 138 113 147 170 31 181 
228 22 92 89 96 159 206 111 42 104 45 165 73 166 
238 74 218 35 115 50 243 189 199 213 91 76 244 21 
240 164 6 55 71 163 252 105 66 137 14 157 215 110 
31 59 206 227 77 171 4 91 168 174 196 84 77 105 
68 118 55 91 191 189 26 144 172 166 203 250 84 162 
97 69 100 110 70 64 173 29 107 127 39 150 82 224 
131 223 60 3 120 181 6 224 78 62 76 236 162 131 
153 112 172 125 247 176 168 119 19 46 66 254 121 36 
102 41 189 63 194 231 223 159 155 237 238 235 40 72 
1 181 218 134 209 145 163 126 6 253 195 191 93 157 
100 137 239 178 173 68 38 16 179 178 35 183 91 244 
200 175 193 244 19 157 246 66 18 61 156 127 152 195 
5 127 20 60 100 47 168 197 5 148 179 10 104 199 
136 82 185 222 156 136 84 140 173 196 168 6 133 21 
105 233 190 3 13 17 63 143 35 85 112 192 161 201 
98 144 224 225 102 245 173 74 14 34 181 4 52 160 
52 157 34 219 148 250 8 79 146 52 19 59 169 100 
52 187 191 222 136 19 132 221 40 25 67 79 251 133 
9 242 187 132 47 160 188 224 20 215 70 26 215 251 
212 41 168 112 25 163 67 81 109 78 48 159 149 171 
198 182 167 114 195 207 171 107 244 129 199 14 167 224 
114 163 11 68 159 35 199 162 104 185 78 247 118 81 
16 81 194 221 134 204 149 69 195 231 33 215 33 161 
7 75 221 38 91 107 250 2 171 33 197 214 47 240 
71 104 111 223 170 11 194 202 134 252 8 157 44 37 
31 33 147 213 142 56 47 40 252 65 125 156 214 58 
159 86 7 75 152 88 143 20 45 8 248 236 187 105 
231 40 67 3 221 129 11 77 17 194 176 135 68 122 
138 14 155 241 93 91 59 168 130 188 138 133 83 220 
84 146 4 18 49 53 193 212 183 23 241 130 24 29 
13 224 203 72 214 188 40 77 215 113 146 155 176 131 
71 58 36 2 252 145 38 85 42 137 116 68 101 178 
226 69 220 184 61 222 133 20 28 231 59 23 38 34 
148 4 67 212 167 67 242 66 133 94 226 181 183 173 
115 40 188 68 249 157 42 181 228 247 128 171 26 50 
244 220 187 197 144 213 53 150 80 132 174 14 243 209 
111 73 241 180 214 103 62 175 77 38 159 176 134 50 
230 179 181 221 142 58 3 223 61 151 129 201 167 20 
74 6 171 80 171 138 17 63 175 68 60 221 47 36 
146 57 73 29 161 250 255 121 31 44 22 230 215 104 
183 121 231 47 86 235 215 224 166 11 150 141 172 159 
162 229 22 177 119 15 168 224 52 110 12 184 11 66 
25 77 254 215 127 99 116 179 127 125 182 212 51 110 
199 36 208 233 39 102 118 207 235 164 192 46 113 100 
95 85 124 172 23 79 179 204 119 46 14 227 242 148 
68 227 245 32 50 250 185 64 161 88 197 218 172 107 
23 30 148 37 172 103 69 222 24 45 114 196 123 47 
201 222 226 208 218 179 250 192 11 229 22 4 25 190 
246 127 23 219 123 112 249 3 147 102 65 99 15 228 
215 142 70 81 2 107 81 162 49 14 216 190 119 156 
227 246 66 122 190 54 130 203 25 51 164 216 248 237 
60 160 231 14 65 96 186 49 19 60 51 247 202 210 
235 188 92 45 31 93 235 58 213 1 203 114 96 174 
182 196 130 63 15 32 139 88 123 59 61 0 146 197 
108 253 139 159 168 131 146 73 23 185 12 29 231 169 
30 155 145 69 161 143 255 238 11 112 12 208 180 170 
2 76 237 79 219 82 126 183 127 209 138 23 87 82 
100 120 116 20 169 152 142 212 136 110 174 183 200 233 
80 136 227 86 35 29 243 12 185 31 119 234 196 164 
73 166 172 80 231 113 39 109 107 188 204 96 23 144 
100 68 102 4 104 87 83 67 197 171 67 137 199 119 
234 28 204 142 248 105 136 144 21 49 64 12 46 34 
61 60 162 199 29 22 8 42 62 80 58 16 221 245 
53 74 58 107 141 173 201 243 215 134 11 143 87 87 
254 135 25 18 62 117 228 120 29 109 147 234 137 185 
180 179 84 0 132 128 229 64 214 201 223 28 167 251 
64 54 80 25 210 179 73 107 56 132 126 53 45 246 
6 248 3 72 120 36 120 144 254 142 196 66 153 153 
72 156 164 209 241 131 253 93 90 90 92 1 132 176 
106 169 120 228 22 44 132 111 167 199 184 252 169 4 
159 162 208 224 86 8 218 187 224 149 212 156 166 174 
212 177 169 255 135 10 164 92 161 226 208 10 79 16 
10 234 88 173 215 252 76 195 80 138 50 206 13 38 
224 246 70 203 124 13 204 5 87 48 103 65 219 211 
0 46 222 70 54 181 153 242 33 248 137 170 200 31 
41 82 99 124 238 26 216 193 38 120 164 155 210 55 
202 205 49 101 170 50 199 212 4 108 145 77 132 210 
251 205 24 45 114 233 72 71 21 27 116 198 79 99 
146 196 145 9 75 148 29 15 205 70 7 94 180 102 
41 152 193 165 125 92 8 138 138 240 43 160 248 22 
231 180 253 255 83 165 154 85 202 167 7 252 228 24 
210 28 50 177 76 208 195 18 224 186 200 231 44 244 
18 161 90 91 99 70 189 81 10 116 2 179 183 248 
231 248 200 0 226 11 99 21 4 66 89 187 224 153 
237 227 93 208 37 155 119 131 32 0 173 132 68 212 
189 37 234 167 8 253 19 47 249 18 253 193 146 124 
235 157 4 93 119 19 7 202 87 115 255 29 50 180 
208 172 92 226 48 190 58 202 7 187 224 229 246 254 
101 82 89 207 51 209 192 199 120 18 233 30 187 45 
108 95 235 34 77 210 164 6 148 21 65 44 106 52 
236 12 194 73 173 153 7 194 111 217 154 50 139 238 
93 47 24 165 97 127 124 13 140 24 69 249 187 211 
116 17 184 22 50 220 146 201 87 24 209 208 187 240 
55 12 167 104 182 101 107 127 50 44 22 136 69 123 
178 28 223 24 213 196 3 177 245 0 18 27 219 98 
243 116 160 182 240 77 246 171 165 77 221 206 132 30 
104 21 211 16 62 40 188 12 2 92 122 191 67 225 
192 82 136 160 140 221 62 63 109 121 29 193 27 63 
161 44 109 116 10 215 232 20 43 214 240 167 32 87 
71 223 239 171 136 56 250 17 175 162 220 139 13 235 
226 124 24 17 140 90 153 92 227 141 57 37 159 138 
228 89 128 160 146 1 189 43 226 80 58 108 177 23 
80 5 247 13 47 162 163 45 49 190 99 14 254 225 
14 25 57 101 230 206 26 247 94 240 149 196 143 97 
89 203 9 176 202 168 187 15 215 190 61 118 75 74 
79 162 210 45 38 15 33 198 96 198 250 117 194 243 
227 38 25 41 242 166 82 18 104 132 236 186 157 142 
220 33 226 54 149 72 92 227 13 182 124 188 97 56 
127 194 250 19 52 235 47 126 238 163 30 34 226 42 
187 122 206 210 16 251 177 205 89 220 244 169 17 82 
191 53 106 12 106 36 229 99 15 18 253 30 187 109 
147 38 115 41 180 214 195 106 44 198 152 61 34 208 
226 100 136 149 75 37 49 177 48 248 246 222 201 230 
252 236 199 30 223 152 163 192 225 7 221 80 63 239 
223 2 120 31 57 36 204 226 157 249 5 168 72 22 
243 117 161 34 254 154 57 145 224 164 39 248 226 135 
45 245 149 55 35 99 209 225 249 122 122 24 155 45 
153 104 131 90 92 200 139 216 183 156 233 184 146 253 
88 168 142 113 139 42 63 190 128 21 176 192 151 22 
89 162 166 26 201 156 56 77 9 240 95 166 116 69 
120 166 160 31 153 199 170 245 118 227 214 228 42 227 
230 242 234 2 31 158 73 209 27 104 129 26 168 72 
51 87 183 211 85 88 49 230 65 87 36 176 132 0 
228 10 184 106 175 214 185 106 216 102 101 221 154 1 
206 165 112 116 52 21 86 36 135 21 254 209 25 18 
175 223 128 237 38 186 58 125 176 102 185 128 104 205 
238 103 30 118 104 170 93 103 147 79 217 104 76 119 
32 191 104 84 155 145 141 44 82 232 49 166 143 80 
224 109 137 217 125 64 155 96 77 22 156 43 182 131 
224 127 174 61 134 253 208 189 5 186 155 231 220 183 
165 44 116 146 115 251 53 148 112 39 110 235 135 23 
176 226 254 47 85 55 184 171 238 7 3 117 123 32 
158 49 139 193 193 179 48 206 159 155 23 5 250 67 
91 92 18 197 242 12 72 160 71 34 97 166 123 106 
233 106 172 153 153 150 223 88 38 141 81 179 6 202 
47 8 192 86 66 250 202 169 58 62 3 104 63 79 
143 187 30 201 63 124 175 243 129 137 36 91 121 12 
19 168 70 88 164 131 53 162 192 181 107 184 236 224 
101 142 238 104 226 34 64 53 232 225 182 83 13 115 
185 149 120 199 143 125 83 35 224 79 152 219 134 21 
205 79 85 144 127 246 3 223 212 6 188 11 254 253 
47 46 228 118 23 39 1 151 43 8 98 30 134 23 
36 75 60 136 5 10 85 176 112 99 253 39 73 77 
135 19 215 30 196 107 73 238 136 120 73 125 41 62 
132 8 88 210 62 65 78 166 109 169 72 193 253 89 
249 60 175 120 231 73 44 213 133 41 253 136 110 111 
115 157 21 157 228 178 168 167 106 78 132 226 18 114 
216 13 92 20 70 189 193 135 242 134 72 147 123 23 
114 125 164 241 200 247 37 58 127 132 168 208 134 78 
172 226 41 102 97 171 76 114 99 40 68 11 241 10 
179 210 36 239 184 53 82 143 239 189 5 212 166 98 
157 159 219 22 186 67 226 201 155 227 239 255 234 115 
103 159 255 35 8 72 185 133 179 86 48 96 31 143 
207 206 94 69 204 98 121 189 126 84 246 104 45 240 
72 13 104 149 72 65 221 79 121 99 27 125 161 185 
148 254 120 103 202 76 28 120 224 234 111 70 243 143 
193 12 233 1 76 71 20 99 254 184 186 37 157 40 
159 83 182 170 4 164 194 160 195 210 46 33 215 188 
234 242 144 222 193 98 187 174 24 99 165 68 12 242 
4 51 228 223 41 185 193 151 195 37 130 142 172 243 
30 216 147 122 30 216 175 202 42 111 210 193 61 233 
100 59 70 125 13 194 141 142 31 177 55 251 153 158 
219 134 157 16 206 106 18 251 183 6 56 130 87 220 
84 249 145 240 158 145 225 38 204 201 54 70 137 186 
199 145 82 138 221 10 138 55 19 204 27 134 229 75 
231 87 195 154 185 131 200 58 4 106 229 116 98 48 
157 52 168 42 127 32 255 5 180 89 69 218 62 147 
236 204 86 182 176 200 211 213 59 108 204 200 194 215 
69 193 182 75 235 84 99 216 163 208 76 246 219 83 
65 48 205 200 21 144 237 208 143 124 249 180 6 34 
170 219 233 22 105 23 80 206 32 120 21 40 31 250 
194 229 124 98 148 29 160 1 28 172 41 111 171 127 
129 149 41 95 22 137 213 246 249 186 185 216 187 1 
167 141 219 147 113 155 63 229 156 224 43 3 154 242 
75 140 55 201 223 45 128 97 237 193 111 165 42 98 
144 204 72 6 197 48 133 53 32 200 106 145 89 169 
27 167 35 171 16 31 174 162 192 198 86 69 225 216 
65 60 204 109 199 187 236 4 236 243 88 233 216 112 
176 251 54 141 58 7 234 149 245 102 177 167 147 164 
227 9 124 101 31 32 122 186 115 127 22 175 111 12 
136 20 149 229 37 56 24 38 173 126 148 197 33 101 
219 255 8 250 61 112 103 86 103 109 79 245 190 157 
215 69 192 22 8 251 117 174 186 212 187 131 108 195 
13 91 236 42 240 209 201 180 125 67 177 237 169 136 
209 187 126 148 146 65 131 81 139 165 62 229 184 236 
107 3 34 247 178 246 85 7 238 246 2 33 233 160 
112 211 197 190 65 46 116 152 95 146 2 141 238 29 
32 224 117 138 95 205 99 229 48 151 137 78 250 58 
233 10 141 217 20 196 253 193 119 122 103 40 183 172 
175 252 127 200 182 29 62 73 126 148 233 175 169 130 
61 96 30 96 110 43 138 210 124 246 230 23 64 224 
237 34 229 247 64 133 101 55 42 25 228 213 47 29 
121 225 118 233 187 98 223 72 120 105 54 155 52 147 
53 183 192 143 70 91 245 28 60 235 151 188 106 12 
133 177 242 203 128 168 239 15 35 99 135 54 123 89 
16 205 122 129 219 179 185 16 230 188 105 50 34 159 
92 228 3 146 220 237 126 237 181 46 207 190 171 66 
189 175 200 37 122 106 77 109 199 211 59 66 193 171 
208 154 71 127 76 25 173 163 12 160 143 158 70 147 
122 8 184 187 144 109 82 33 140 75 51 226 30 182 
34 157 206 83 126 64 178 225 3 20 185 175 184 106 
224 83 120 122 229 115 81 145 90 210 66 94 89 91 
250 227 197 200 179 32 81 145 79 100 117 9 109 46 
235 191 45 82 248 117 234 141 141 27 61 235 251 25 
219 12 211 66 10 91 153 221 111 37 240 44 177 124 
90 204 45 150 88 120 91 40 62 110 84 89 43 153 
171 75 170 22 3 77 108 198 81 157 64 65 219 60 
191 54 202 231 46 235 114 6 33 52 199 199 6 145 
80 161 248 222 25 135 52 177 85 120 105 245 56 150 
198 52 226 50 169 244 13 102 171 41 80 177 48 136 
210 12 123 124 120 169 27 21 200 148 106 188 161 19 
99 75 216 74 28 241 142 149 193 74 101 237 161 95 
104 206 204 35 240 90 48 237 132 165 97 52 254 249 
251 233 212 174 201 68 161 75 212 62 14 209 101 235 
46 134 247 19 243 221 67 167 138 180 53 161 137 95 
39 79 48 111 163 164 90 132 92 139 185 163 50 57 
107 190 245 156 246 72 252 73 110 146 67 66 183 165 
72 15 5 44 46 97 43 44 213 47 175 244 4 55 
19 202 105 109 255 150 185 144 69 221 172 0 88 18 
217 145 188 10 184 109 82 105 238 194 91 218 214 216 
59 28 215 225 238 162 53 10 219 251 17 216 61 23 
117 217 225 72 197 67 155 247 124 15 211 104 246 212 
40 13 222 250 71 235 113 113 248 109 183 150 85 73 
33 249 80 10 57 44 136 92 124 178 191 88 15 63 
161 49 11 228 53 5 9 26 247 252 35 227 230 218 
152 248 139 251 61 191 252 157 214 178 71 57 184 192 
142 9 232 21 46 213 166 102 17 166 126 176 19 126 
219 233 204 62 66 52 84 252 156 94 209 51 99 140 
110 147 245 196 72 82 249 230 176 50 143 70 52 215 
84 226 126 189 164 18 0 94 50 29 19 123 97 247 
52 169 58 95 83 62 123 28 124 2 138 73 163 205 
2 189 208 206 169 200 118 217 248 51 150 1 186 72 
47 17 163 41 16 250 16 49 179 254 124 123 52 230 
201 10 246 70 230 173 44 61 143 22 200 77 28 24 
20 107 189 33 206 152 124 66 191 106 186 70 154 140 
151 21 91 197 108 221 221 67 9 29 85 255 67 241 
216 216 60 234 245 131 35 94 14 220 153 244 100 95 
60 152 1 226 2 199 16 16 158 149 104 116 126 9 
72 242 104 157 125 72 185 205 25 2 98 218 27 193 
27 96 58 202 248 233 209 60 61 176 138 0 112 28 
80 115 50 148 88 207 206 244 37 90 18 139 50 102 
244 48 252 19 224 195 149 96 75 237 174 99 190 66 
30 164 199 249 208 68 167 66 106 124 222 61 95 24 
84 175 21 181 192 127 101 190 93 152 117 66 53 231 
12 3 135 169 33 160 154 183 32 77 56 168 91 53 
114 230 10 47 230 109 101 62 165 68 94 33 192 44 
217 182 189 230 200 171 222 195 111 154 54 213 162 164 
99 71 255 240 37 243 70 240 232 132 229 83 73 216 
43 61 16 99 46 136 154 218 186 23 1 7 220 38 
127 106 91 175 24 185 69 138 91 63 67 4 31 98 
78 134 197 169 193 130 33 86 193 238 55 213 192 152 
231 251 45 56 74 34 254 244 214 154 234 144 220 61 
251 77 186 142 154 124 219 208 70 177 110 34 91 69 
184 120 33 171 230 253 7 50 39 208 46 0 37 31 
217 57 122 125 28 185 192 221 64 35 28 89 105 46 
87 136 202 42 70 180 147 210 1 200 213 17 13 177 
77 48 34 244 17 155 4 86 61 135 208 48 86 240 
74 102 0 172 8 67 151 210 124 85 190 235 250 135 
124 163 151 96 143 137 137 198 18 78 84 39 97 158 
188 40 5 88 67 2 132 137 40 16 165 62 77 11 
36 157 115 0 178 230 72 122 198 38 176 146 227 180 
193 34 161 220 213 147 86 240 155 0 203 152 217 231 
214 126 0 172 107 56 205 163 182 95 51 79 225 42 
222 97 160 153 78 7 167 214 39 230 211 155 47 234 
200 46 217 5 202 8 167 171 74 52 31 243 157 192 
212 82 112 167 149 36 30 22 112 248 35 4 211 183 
170 183 194 66 32 50 174 232 59 248 216 31 120 92 
254 70 237 76 46 189 93 228 70 240 34 2 54 245 
9 156 1 10 97 7 195 194 243 130 99 94 174 77 
113 122 90 237 59 97 155 184 150 33 12 9 136 184 
83 127 209 149 59 131 216 114 156 234 67 36 175 31 
1 179 241 186 247 248 105 184 102 101 217 144 101 102 
213 163 72 38 52 117 65 250 38 237 99 190 43 117 
171 34 177 72 159 241 101 90 124 174 178 68 9 102 
195 9 228 59 124 31 17 222 216 24 162 158 209 199 
81 199 111 123 181 35 40 213 72 229 158 29 44 46 
60 229 244 233 11 98 245 209 76 143 94 160 1 37 
99 233 86 84 149 150 213 129 156 8 168 28 35 61 
227 99 36 213 1 238 226 130 46 110 23 148 84 173 
241 210 157 165 65 76 234 118 76 178 88 237 46 54 
71 96 192 31 113 164 65 104 73 105 81 92 222 134 
184 18 130 72 140 235 235 10 173 95 216 199 119 66 
141 5 163 158 114 228 51 184 23 162 53 3 211 127 
56 84 255 21 7 254 150 54 109 122 117 237 100 69 
73 191 66 35 79 162 74 123 168 224 246 226 57 82 
92 195 6 24 103 222 15 72 65 187 233 182 101 157 
180 179 203 176 0 138 225 111 171 223 10 246 182 130 
8 4 215 122 253 118 171 64 239 223 4 224 225 93 
11 228 215 60 75 106 167 85 172 84 229 143 112 23 
191 221 161 116 229 246 193 149 186 48 31 74 105 104 
233 1 140 167 196 176 202 61 165 14 69 17 14 108 
213 156 146 63 39 151 138 160 185 207 43 51 131 235 
125 20 140 200 234 57 180 124 136 252 208 201 139 252 
128 122 74 32 39 170 35 139 208 137 237 220 43 87 
193 159 88 31 241 147 174 117 136 153 161 90 153 54 
208 201 146 213 117 236 49 31 33 251 172 35 224 93 
95 98 196 59 186 67 141 109 60 138 174 7 105 34 
123 146 120 200 250 78 66 136 122 122 197 186 121 146 
216 207 171 41 128 74 136 150 193 51 18 10 2 245 
118 82 61 85 131 24 234 74 11 109 212 16 242 215 
244 152 115 171 139 26 87 187 7 175 107 156 38 18 
11 62 54 141 111 244 214 15 212 141 45 18 235 208 
204 65 148 38 238 107 144 138 39 18 211 38 197 72 
208 45 252 149 45 81 39 210 226 87 103 21 189 94 
97 33 66 205 155 78 51 58 124 156 187 195 245 202 
233 71 143 240 30 62 28 44 114 201 200 151 136 56 
210 11 73 114 235 154 249 75 233 232 130 103 53 69 
234 230 109 73 117 123 52 186 53 208 139 24 54 111 
249 24 22 96 114 32 46 52 33 13 219 239 227 204 
138 167 223 194 154 202 198 155 121 212 20 82 180 205 
94 212 71 15 180 26 244 203 71 99 114 199 88 254 
233 161 46 195 73 108 10 25 232 160 186 33 202 22 
219 45 188 229 190 72 110 97 55 240 110 82 97 220 
66 9 158 34 4 229 244 189 142 19 229 57 47 234 
233 69 247 80 129 39 244 158 66 43 215 249 234 132 
48 250 144 11 2 144 84 182 216 120 243 183 152 191 
195 200 129 236 99 94 86 222 248 239 189 195 143 219 
204 200 65 14 138 115 234 33 162 9 157 246 190 181 
71 168 86 149 172 75 28 31 11 105 110 218 210 94 
183 145 202 103 47 50 81 240 125 240 158 155 172 66 
77 219 176 175 156 154 194 164 187 137 235 217 191 124 
109 112 61 109 249 233 146 3 85 97 171 126 181 2 
227 220 155 63 123 160 180 251 105 106 138 147 199 131 
67 53 100 38 1 228 137 250 41 209 17 254 65 201 
232 78 16 183 188 77 200 78 14 9 203 132 156 40 
170 241 160 188 105 134 26 179 41 34 220 143 93 218 
7 122 24 137 206 131 146 217 238 104 21 160 255 216 
229 247 186 170 64 247 143 147 128 144 66 198 33 218 
7 251 210 221 100 205 99 92 172 185 2 119 210 16 
197 4 230 125 249 60 72 59 161 205 230 19 202 199 
51 149 86 206 102 223 165 90 35 26 149 215 173 14 
255 115 105 191 121 47 183 98 62 6 74 150 172 209 
3 43 209 110 88 53 182 151 213 172 159 2 209 87 
223 189 182 143 218 71 189 251 195 162 31 96 136 47 
215 147 105 79 43 254 35 75 227 87 95 208 253 255 
205 69 9 52 211 216 80 236 145 151 1 118 130 101 
71 56 123 2 21 130 73 169 96 83 142 239 86 200 
140 45 208 1 152 211 59 237 217 89 217 8 212 88 
212 243 68 80 195 45 214 64 164 29 139 15 124 155 
209 76 13 46 119 90 5 0 158 197 205 12 228 88 
4 154 119 214 152 34 132 219 209 158 102 193 165 242 
230 180 224 134 52 227 98 51 203 150 190 214 92 208 
64 34 116 210 200 55 56 137 178 1 243 20 222 33 
221 99 70 193 147 15 229 98 70 142 49 130 3 84 
65 254 111 13 113 71 4 73 96 154 136 179 10 101 
81 24 206 76 41 70 14 89 176 14 135 234 11 61 
118 209 131 144 160 248 169 30 176 210 65 183 147 230 
180 197 201 219 94 83 46 100 204 186 126 179 89 158 
107 131 129 105 233 204 212 220 233 184 198 153 158 49 
210 78 245 36 244 249 150 118 216 190 201 96 200 230 
22 5 229 236 39 188 251 61 215 166 240 73 50 84 
6 22 147 251 159 214 139 111 44 8 68 43 4 236 
253 231 140 126 142 79 54 205 15 97 250 211 112 137 
130 197 198 141 193 118 63 2 220 194 144 91 120 141 
253 128 64 107 86 246 98 249 127 167 57 129 57 233 
124 245 200 188 189 192 139 132 146 246 129 159 215 235 
223 24 203 164 224 117 125 101 86 80 28 114 203 94 
123 126 123 122 15 11 220 250 115 245 17 15 5 180 
226 143 212 248 147 142 49 228 155 32 54 169 29 227 
17 114 166 203 253 8 146 235 171 44 216 15 54 212 
186 86 188 176 228 74 209 223 93 10 177 158 120 71 
87 182 216 252 21 202 182 82 67 74 98 66 188 91 
227 165 59 208 175 11 220 238 244 150 253 47 88 205 
65 18 47 125 187 69 157 100 212 14 69 111 96 240 
219 121 4 209 149 58 18 59 254 27 127 103 76 238 
20 12 41 94 198 32 139 158 162 0 2 228 200 49 
151 38 239 129 180 233 130 117 86 70 192 151 248 227 
90 255 178 125 49 53 104 74 33 101 37 38 77 103 
211 5 151 187 202 111 123 177 148 70 0 1 202 0 
249 253 120 207 47 208 72 251 228 12 227 190 197 26 
246 204 27 151 180 47 211 70 240 192 146 212 157 225 
124 226 70 92 55 163 8 234 242 87 64 95 109 88 
88 194 121 186 155 66 215 253 147 54 206 121 81 122 
117 42 164 129 125 196 213 209 178 229 54 221 197 166 
83 191 121 165 86 153 49 194 50 41 105 65 218 195 
247 17 131 116 114 220 209 223 171 57 184 134 105 201 
51 162 140 155 45 90 64 24 44 165 76 15 56 56 
183 127 128 128 22 228 160 165 111 9 216 59 235 192 
77 195 82 9 136 72 9 218 139 88 248 59 144 191 
26 152 63 146 34 6 102 4 39 139 229 116 132 142 
173 146 61 119 6 205 67 118 82 47 17 253 134 146 
110 193 242 84 52 38 149 143 30 51 93 13 254 27 
107 239 85 253 140 10 103 50 232 247 89 209 113 84 
180 172 187 61 33 98 144 100 239 208 56 142 110 42 
43 57 123 117 71 142 145 180 243 192 22 126 243 69 
168 64 115 204 244 22 231 63 5 82 16 219 30 94 
66 31 105 38 66 102 165 255 10 228 245 156 16 110 
241 149 190 175 52 151 102 161 164 212 254 115 66 202 
