3 126 120 196 
107 125 112 118 
105 70 76 52 
39 85 97 245 
66 56 181 1 
77 19 135 119 
79 29 197 198 
64 32 147 51 
144 253 203 89 
161 38 120 164 
71 33 90 214 
79 12 101 131 
246 19 65 148 
109 252 203 199 
92 156 147 45 
91 95 92 171 
122 195 159 121 
187 221 9 166 
147 212 248 147 
109 97 2 115 
39 85 110 210 
146 19 185 11 
246 18 18 207 
140 92 222 165 
2 17 53 101 
251 229 99 188 
140 157 104 171 
192 150 120 7 
21 63 124 251 
252 154 143 129 
93 191 130 237 
17 88 89 99 
103 38 204 91 
160 123 198 36 
114 190 233 94 
136 234 8 127 
0 15 171 79 
236 208 143 107 
210 227 36 198 
44 148 13 35 
233 66 164 157 
234 225 115 32 
133 118 187 237 
6 158 241 25 
41 7 60 14 
161 245 249 9 
148 191 55 154 
28 79 59 40 
200 166 253 106 
25 85 169 239 
6 5 31 151 
120 241 115 23 
207 102 110 121 
91 74 11 153 
227 146 251 170 
34 202 34 175 
69 145 23 2 
110 26 168 209 
52 172 84 156 
32 35 207 184 
50 109 129 207 
90 13 7 93 
0 156 176 52 
124 67 2 250 
158 67 51 166 
40 109 176 6 
79 170 154 60 
62 116 67 60 
146 90 181 80 
223 128 44 148 
41 29 151 122 
108 252 27 72 
21 252 144 149 
135 144 2 207 
151 63 49 184 
16 36 17 228 
48 111 75 60 
41 227 186 127 
160 86 239 188 
49 52 174 217 
234 252 110 15 
203 193 221 107 
77 171 89 78 
216 116 120 238 
75 235 130 212 
120 116 242 92 
165 134 248 56 
12 43 249 237 
91 132 14 84 
53 67 129 26 
176 46 83 65 
213 163 185 156 
35 15 154 87 
12 117 18 109 
118 237 243 48 
59 34 63 197 
170 211 174 165 
4 83 46 29 
0 9 94 206 
71 241 19 46 
248 25 211 5 
37 37 92 241 
85 203 30 227 
0 88 189 160 
22 41 144 64 
120 51 37 178 
125 123 187 55 
111 158 197 226 
11 75 110 30 
4 196 16 40 
129 97 187 145 
154 13 180 190 
223 199 244 103 
210 33 165 27 
104 197 168 186 
139 235 18 250 
155 228 170 227 
232 147 108 83 
58 238 9 123 
74 129 101 95 
70 235 24 90 
80 96 238 151 
255 37 103 154 
221 23 55 181 
232 36 199 147 
18 208 178 177 
192 178 73 223 
78 245 15 196 
138 215 62 87 
52 45 64 103 
133 221 55 20 
165 98 118 83 
50 76 5 110 
192 189 33 130 
84 238 185 255 
232 168 243 44 
235 203 165 160 
189 202 220 202 
55 44 88 106 
33 13 14 21 
186 155 165 181 
52 154 249 6 
53 224 155 27 
87 218 79 215 
169 5 141 116 
44 117 1 0 
86 82 11 218 
147 86 63 58 
191 81 230 166 
173 165 123 126 
163 202 46 113 
220 203 101 5 
4 199 54 19 
192 113 239 73 
35 144 143 166 
58 127 73 2 
129 174 8 131 
107 32 229 41 
223 235 179 67 
181 187 116 247 
61 80 225 190 
184 251 230 229 
221 37 36 14 
86 199 109 173 
64 243 75 139 
175 74 121 71 
39 132 105 208 
36 235 188 236 
147 224 205 180 
87 85 39 21 
197 81 10 80 
39 111 234 123 
61 95 240 255 
184 99 119 24 
189 211 143 88 
104 154 126 36 
70 183 58 53 
218 189 241 24 
25 84 129 174 
238 182 0 173 
183 50 53 30 
198 172 29 221 
225 26 104 27 
194 9 249 223 
151 22 105 129 
131 118 132 46 
27 110 202 103 
234 220 240 130 
238 172 93 39 
25 99 173 212 
209 152 49 90 
112 118 109 94 
197 60 153 217 
145 189 32 152 
10 224 36 188 
91 33 248 58 
35 14 165 93 
242 202 102 64 
207 142 44 84 
180 35 26 224 
16 105 10 123 
68 212 6 148 
39 233 208 235 
130 197 90 22 
148 151 79 253 
143 33 136 94 
26 58 152 73 
205 79 65 165 
184 222 252 169 
220 249 117 100 
176 201 12 54 
158 9 86 85 
131 135 153 73 
50 166 84 111 
242 222 181 122 
252 58 33 237 
254 217 175 163 
154 111 173 71 
231 193 26 220 
239 44 42 55 
47 30 197 128 
27 155 9 180 
151 185 195 38 
127 37 250 249 
32 156 100 167 
189 115 238 126 
11 16 57 30 
181 110 24 252 
217 157 19 226 
136 63 231 108 
74 12 3 141 
152 79 12 8 
96 103 90 247 
133 71 121 72 
92 246 169 58 
48 15 95 229 
191 66 193 175 
187 210 46 216 
74 22 180 239 
134 248 152 90 
254 120 209 210 
51 41 141 229 
27 179 171 114 
161 80 63 48 
35 80 17 40 
243 149 30 54 
215 22 22 140 
138 96 220 47 
56 17 10 120 
5 92 106 149 
135 136 126 5 
71 112 248 31 
68 4 66 140 
112 198 248 200 
50 79 105 165 
226 200 26 200 
80 113 67 42 
61 29 80 152 
224 179 98 52 
98 175 203 242 
99 160 149 27 
115 167 251 205 
153 254 238 121 
208 111 146 100 
133 216 190 39 
26 174 128 47 
102 118 151 61 
51 78 247 231 
190 98 72 21 
59 120 103 133 
78 101 228 72 
147 149 130 67 
23 134 187 175 
221 77 57 153 
90 17 93 98 
249 139 188 64 
151 140 157 187 
8 119 125 49 
145 195 139 83 
107 122 44 165 
71 188 120 2 
196 61 187 22 
251 194 245 226 
244 168 91 60 
45 94 211 76 
26 230 124 16 
160 88 36 217 
153 94 207 203 
83 185 55 97 
17 187 70 231 
137 203 158 254 
100 228 18 27 
193 22 43 8 
178 4 164 98 
189 100 237 26 
92 130 172 244 
126 189 55 11 
4 9 27 74 
68 107 152 244 
137 128 35 30 
146 246 227 48 
15 17 53 103 
39 40 40 86 
244 37 1 96 
5 9 184 64 
219 101 121 129 
109 226 36 6 
164 187 205 131 
223 61 61 2 
113 78 111 96 
30 227 20 205 
161 136 16 80 
41 220 251 64 
216 18 160 203 
67 113 129 115 
244 213 81 140 
235 44 120 192 
24 249 147 140 
226 213 242 192 
164 233 24 2 
43 118 62 75 
58 77 208 105 
6 87 239 124 
185 14 238 121 
243 1 213 169 
68 84 224 43 
180 62 0 110 
60 138 89 184 
74 23 195 162 
65 88 74 154 
246 212 174 95 
52 166 227 136 
57 254 146 254 
54 159 150 125 
211 95 128 23 
169 170 20 177 
198 255 201 132 
45 113 77 157 
84 40 255 94 
164 222 115 251 
252 98 241 253 
45 24 246 195 
127 119 177 252 
43 137 136 46 
224 111 145 50 
63 219 25 181 
94 148 32 184 
73 245 219 17 
124 110 49 232 
106 1 63 60 
249 198 212 91 
3 104 245 109 
215 166 90 234 
182 211 239 31 
86 86 84 173 
99 43 93 10 
249 96 146 255 
43 153 177 40 
127 140 40 118 
112 134 155 176 
235 228 100 238 
210 155 13 29 
124 176 216 126 
50 192 56 39 
180 122 85 128 
178 32 140 199 
83 10 236 141 
178 35 187 54 
92 106 239 125 
211 114 181 238 
14 226 237 106 
247 245 172 167 
236 251 185 173 
62 215 16 90 
181 127 99 222 
9 127 148 64 
107 118 59 215 
250 152 38 210 
78 42 212 177 
241 9 249 202 
225 35 254 197 
15 252 126 31 
227 43 202 171 
182 219 102 12 
86 74 137 61 
134 77 161 9 
123 202 204 147 
96 60 96 208 
211 51 100 8 
102 209 21 88 
31 79 99 51 
248 118 113 220 
95 38 24 238 
183 210 100 212 
214 1 21 81 
133 207 32 249 
3 106 44 182 
130 150 21 69 
168 41 109 182 
15 144 245 239 
198 72 40 42 
206 102 177 114 
157 15 240 42 
159 0 121 134 
176 8 149 16 
163 137 191 36 
190 251 40 117 
59 105 51 134 
201 242 250 49 
9 73 199 35 
18 53 156 94 
238 17 172 182 
26 77 223 85 
9 236 82 55 
161 4 212 174 
189 65 106 223 
170 99 204 67 
170 187 231 40 
116 178 89 45 
178 65 247 201 
129 122 74 197 
245 254 14 189 
146 133 178 163 
212 89 219 60 
168 219 224 161 
240 253 79 191 
3 198 103 216 
43 209 156 0 
38 206 23 160 
165 255 51 247 
208 188 1 148 
192 240 196 220 
3 154 118 138 
28 78 65 42 
0 177 7 158 
154 0 219 154 
72 137 133 39 
92 48 2 35 
155 235 1 191 
193 71 103 0 
252 225 204 63 
109 238 252 169 
170 179 119 191 
62 14 242 215 
39 235 212 153 
87 207 185 131 
52 81 242 102 
24 156 3 230 
209 239 36 254 
34 29 193 122 
65 13 250 123 
87 59 35 247 
3 53 68 54 
215 30 154 86 
218 47 21 200 
4 49 216 208 
197 4 189 9 
126 28 206 223 
5 254 205 19 
38 199 173 58 
29 166 22 63 
29 93 229 220 
204 195 169 37 
197 69 39 253 
21 97 215 159 
190 42 101 23 
55 199 49 198 
233 243 208 225 
180 126 137 242 
104 202 216 86 
77 79 238 189 
155 24 47 174 
2 68 179 0 
36 135 197 98 
22 166 103 212 
226 254 204 43 
8 253 221 145 
249 167 181 3 
154 19 36 209 
199 235 48 33 
205 239 143 109 
239 115 47 0 
226 221 174 125 
81 40 226 89 
89 100 82 91 
14 51 187 35 
245 77 140 160 
136 253 106 152 
181 162 173 37 
95 47 225 50 
219 171 70 2 
116 177 81 169 
232 241 41 145 
233 174 42 246 
157 63 101 106 
30 142 30 83 
250 155 76 104 
180 250 29 55 
66 80 112 162 
141 218 89 93 
244 231 161 113 
201 89 67 189 
210 39 239 112 
201 222 139 144 
221 28 173 118 
47 20 34 79 
86 13 107 157 
219 226 59 180 
189 131 250 61 
238 114 68 183 
212 72 107 241 
202 46 241 145 
157 100 15 144 
15 189 49 187 
87 32 119 51 
158 9 53 238 
132 7 116 53 
153 59 111 36 
228 223 23 45 
96 189 144 148 
122 179 178 244 
148 54 136 185 
133 203 212 165 
23 144 137 76 
135 177 80 151 
9 244 4 68 
65 46 53 100 
203 203 169 220 
180 74 214 228 
255 190 105 139 
33 78 195 50 
132 181 118 12 
8 195 204 165 
126 219 65 88 
43 116 4 214 
75 152 122 166 
140 103 187 160 
142 149 19 113 
105 231 130 26 
39 186 61 112 
70 125 43 158 
56 50 104 158 
227 241 197 196 
33 101 70 52 
64 76 162 102 
131 251 199 169 
160 216 83 157 
64 223 29 184 
130 29 170 194 
120 56 184 88 
168 229 182 109 
140 112 74 197 
18 56 202 120 
29 49 195 117 
3 96 118 252 
13 98 85 34 
250 229 139 81 
124 45 113 198 
186 145 25 17 
204 251 199 153 
66 108 115 21 
157 118 73 20 
211 191 41 118 
208 133 40 240 
240 20 12 140 
134 82 212 38 
89 52 46 241 
33 70 254 240 
14 39 222 125 
65 10 152 198 
81 54 174 75 
200 135 211 97 
163 235 111 178 
214 229 31 186 
197 14 51 76 
204 143 46 11 
184 169 74 241 
75 45 241 203 
188 4 68 187 
53 168 152 181 
84 168 244 3 
170 40 148 193 
63 95 106 97 
12 24 152 41 
127 50 246 176 
251 32 146 100 
85 105 43 7 
88 40 182 45 
65 141 217 191 
68 91 115 124 
6 104 18 115 
33 32 122 138 
163 2 37 250 
143 34 189 208 
90 165 164 110 
111 72 109 8 
172 217 96 39 
227 188 250 41 
90 104 107 191 
75 231 22 110 
101 90 20 15 
73 115 177 79 
13 249 238 48 
188 71 253 134 
212 205 200 122 
199 141 107 10 
124 159 181 135 
203 174 171 22 
3 121 5 48 
104 83 175 34 
173 163 73 141 
127 101 167 231 
250 167 82 248 
49 13 5 94 
170 77 49 10 
224 180 121 193 
192 159 55 155 
44 3 245 135 
123 229 245 198 
246 226 170 107 
92 169 60 226 
96 124 8 101 
38 179 30 136 
202 57 193 175 
217 13 234 146 
213 194 197 192 
181 255 51 25 
99 255 70 83 
60 18 200 118 
148 27 181 96 
47 16 188 66 
201 125 194 32 
143 1 95 85 
164 208 94 13 
157 47 65 201 
5 251 188 222 
218 34 53 246 
13 40 74 142 
6 164 75 118 
30 193 188 85 
35 189 212 34 
216 109 1 172 
114 183 97 19 
28 22 74 76 
116 26 196 161 
12 229 9 47 
234 176 12 102 
8 68 239 141 
212 129 139 59 
177 218 236 223 
116 214 211 57 
233 145 50 222 
76 57 179 184 
208 146 50 131 
27 114 62 82 
199 70 156 8 
226 139 196 223 
111 86 97 229 
228 204 213 121 
170 170 180 211 
160 191 68 121 
153 109 3 203 
217 44 33 120 
155 7 2 6 
142 29 189 78 
83 33 159 254 
1 218 169 22 
161 163 14 107 
179 236 182 38 
167 184 190 70 
100 29 245 26 
197 200 97 200 
23 118 184 201 
156 123 231 106 
11 63 142 77 
14 188 130 230 
194 1 74 255 
58 178 162 52 
253 134 251 119 
132 199 249 141 
189 214 244 143 
138 165 119 106 
66 59 196 96 
47 51 79 132 
15 61 62 66 
147 155 239 213 
227 165 114 207 
24 70 11 149 
192 125 177 224 
94 222 145 61 
231 14 140 141 
70 74 181 134 
217 224 212 49 
241 180 230 106 
86 188 154 99 
193 133 213 32 
96 172 47 252 
86 102 117 35 
57 248 37 22 
146 64 244 43 
96 42 75 11 
149 59 198 49 
151 10 180 113 
192 194 153 111 
222 162 175 36 
180 125 97 93 
120 58 207 59 
83 85 77 180 
228 92 227 16 
189 114 207 109 
228 208 254 59 
84 63 151 193 
121 159 112 151 
183 100 151 41 
228 19 202 58 
202 201 255 95 
166 181 221 128 
171 153 65 91 
127 76 186 0 
189 59 13 86 
114 228 178 149 
160 90 85 201 
190 196 87 85 
53 221 74 110 
229 117 120 156 
158 238 92 60 
167 192 39 1 
59 246 61 110 
7 176 182 94 
174 159 222 124 
69 139 180 203 
214 208 111 32 
225 220 244 163 
214 179 97 81 
157 108 134 125 
15 177 102 74 
122 66 187 50 
32 115 111 131 
185 170 35 221 
237 226 172 181 
218 43 145 213 
148 39 143 217 
160 142 21 180 
120 171 201 41 
10 221 1 82 
57 23 74 29 
90 96 228 201 
184 83 67 110 
17 161 144 114 
23 138 38 21 
240 104 22 230 
182 36 164 75 
247 190 200 253 
54 202 173 138 
105 237 53 209 
121 100 115 137 
197 126 48 187 
159 29 103 67 
205 57 201 83 
9 92 57 240 
130 39 80 116 
89 204 219 10 
36 146 88 52 
111 84 125 72 
54 2 177 239 
108 30 145 165 
119 65 108 60 
178 148 199 89 
233 87 218 245 
225 93 17 221 
205 141 140 51 
218 99 160 235 
164 110 83 78 
191 207 228 122 
47 192 65 224 
240 11 142 197 
110 142 165 194 
14 190 145 68 
164 33 17 12 
250 210 27 176 
80 0 87 25 
214 112 160 3 
52 247 135 127 
3 1 207 116 
81 13 241 26 
32 46 153 126 
231 139 40 1 
16 223 49 217 
121 251 252 142 
243 63 5 126 
198 37 126 90 
43 182 201 167 
208 18 255 61 
88 237 108 203 
216 12 16 81 
91 204 31 165 
95 156 130 239 
86 126 84 45 
38 138 102 176 
169 107 188 156 
45 223 13 108 
245 59 71 108 
182 229 9 61 
27 217 39 84 
66 36 41 123 
61 108 204 79 
146 102 128 193 
188 94 232 149 
167 179 93 230 
55 89 108 159 
194 85 83 3 
145 68 136 39 
99 212 50 115 
234 73 173 36 
76 250 11 205 
164 209 142 209 
126 207 47 235 
95 134 26 166 
58 156 47 229 
252 79 130 92 
1 235 220 21 
156 86 56 237 
148 133 71 20 
161 4 237 145 
243 114 193 187 
171 2 145 192 
96 251 219 34 
156 57 85 53 
92 170 103 163 
148 209 172 233 
168 71 116 215 
244 53 69 19 
69 220 85 150 
93 13 17 46 
115 177 153 251 
177 66 66 242 
181 79 19 92 
16 252 73 88 
202 128 211 85 
220 166 214 153 
180 77 42 189 
180 232 219 47 
180 254 169 174 
123 170 136 209 
74 28 33 129 
82 23 79 122 
57 113 163 206 
153 150 224 98 
128 5 128 111 
241 210 46 3 
97 34 73 125 
59 178 103 20 
93 80 208 81 
153 96 254 144 
53 89 36 131 
107 69 164 175 
233 69 151 237 
82 11 74 234 
188 94 187 167 
48 153 32 250 
45 44 96 11 
37 25 151 217 
254 120 150 178 
147 244 97 190 
48 76 176 117 
25 211 111 36 
4 240 62 109 
154 159 241 195 
251 238 17 242 
55 129 89 149 
213 14 58 157 
79 226 88 209 
148 90 10 73 
134 107 222 242 
121 26 18 13 
186 4 28 176 
5 216 36 67 
14 216 132 4 
249 92 79 132 
226 79 199 39 
86 176 229 168 
215 18 214 147 
92 28 120 201 
207 9 225 0 
141 41 215 64 
234 95 89 103 
170 161 21 165 
137 123 240 1 
180 140 130 210 
78 8 151 71 
236 52 175 224 
25 237 126 243 
210 33 109 40 
11 84 23 252 
41 29 205 66 
134 167 18 157 
240 48 32 8 
42 141 97 79 
105 164 247 147 
216 240 53 201 
21 1 35 59 
178 249 254 5 
180 17 181 154 
23 18 109 61 
73 220 255 137 
171 226 117 233 
19 171 144 32 
76 83 69 194 
148 8 59 185 
29 142 78 194 
141 187 15 237 
127 252 66 32 
255 206 95 149 
17 70 18 87 
43 137 187 201 
182 84 238 31 
145 118 243 227 
142 81 72 113 
244 93 26 124 
251 165 208 135 
83 72 128 108 
157 249 120 216 
240 127 182 205 
85 53 112 31 
75 139 142 248 
69 132 42 84 
39 54 23 133 
205 78 87 176 
131 137 163 79 
142 59 231 173 
162 204 195 108 
105 54 12 2 
3 136 73 56 
128 102 54 170 
104 135 68 74 
51 53 23 221 
209 209 7 124 
36 77 160 21 
129 176 34 231 
51 149 1 9 
247 172 101 227 
129 55 172 180 
246 142 227 11 
112 156 81 77 
125 96 236 53 
159 110 226 80 
206 107 17 125 
242 148 143 115 
105 55 35 58 
135 56 202 176 
17 141 51 6 
193 195 68 65 
197 119 147 186 
64 222 237 158 
199 61 210 110 
230 114 247 128 
153 105 194 124 
210 167 210 224 
249 195 117 125 
104 232 48 247 
235 85 58 73 
70 221 1 63 
175 103 164 250 
79 111 119 112 
197 131 131 233 
163 198 3 131 
239 113 232 175 
163 77 85 177 
46 58 35 36 
241 172 95 116 
195 40 199 98 
109 203 81 132 
47 196 164 194 
57 213 157 217 
50 214 203 220 
181 49 244 175 
206 103 142 138 
130 138 70 124 
68 193 124 229 
129 199 196 250 
21 108 103 69 
212 18 225 35 
2 49 97 69 
219 212 75 47 
12 27 185 187 
55 183 246 151 
115 112 2 195 
202 162 17 20 
186 187 11 180 
180 191 13 160 
160 197 231 40 
87 119 157 115 
39 150 230 248 
82 115 175 5 
143 119 153 60 
136 156 119 18 
91 242 209 78 
26 27 99 144 
74 207 159 199 
103 89 39 185 
95 24 84 128 
18 255 178 7 
217 21 129 145 
252 245 53 50 
58 80 247 84 
68 102 35 51 
66 145 200 97 
78 186 42 68 
244 225 67 147 
184 154 62 220 
143 138 251 1 
101 238 142 182 
150 21 191 5 
117 225 139 202 
200 74 162 55 
73 218 231 81 
38 50 244 113 
131 132 147 196 
243 23 69 204 
3 198 191 221 
175 129 104 160 
234 202 221 148 
26 58 109 136 
153 250 157 34 
54 74 165 91 
178 253 241 0 
68 251 161 50 
22 189 10 231 
197 213 51 104 
228 99 88 209 
122 161 106 148 
127 89 141 246 
99 105 152 143 
136 70 153 206 
195 118 79 116 
222 20 174 21 
25 79 94 154 
164 236 60 193 
39 192 216 155 
58 55 245 13 
238 208 12 79 
66 158 202 112 
174 200 141 209 
156 9 235 165 
234 50 43 120 
105 163 202 165 
97 214 247 221 
11 212 23 167 
21 189 66 219 
34 69 196 38 
71 49 157 137 
143 222 1 217 
120 187 217 65 
116 202 64 187 
104 35 7 155 
48 113 50 5 
26 114 121 113 
103 123 199 46 
205 242 190 220 
247 211 49 241 
3 43 168 53 
3 160 224 70 
125 231 73 20 
235 76 134 102 
60 46 241 83 
81 129 20 202 
128 74 48 11 
21 38 186 43 
204 195 217 148 
88 101 234 131 
223 99 252 136 
123 167 84 10 
187 50 234 192 
32 150 234 57 
161 121 52 85 
39 25 220 201 
18 194 171 159 
178 90 156 179 
206 214 96 56 
33 194 219 49 
216 189 164 248 
21 250 137 187 
111 192 9 250 
111 235 216 10 
21 105 94 149 
81 189 56 23 
139 128 182 99 
27 219 91 28 
209 15 96 60 
111 237 49 144 
42 94 239 58 
45 220 236 46 
21 246 50 182 
118 208 253 238 
84 161 60 73 
171 52 20 10 
232 104 93 203 
110 176 35 249 
18 147 38 86 
159 44 90 118 
83 171 104 66 
96 211 43 121 
107 122 52 42 
16 12 71 59 
93 8 219 229 
83 130 158 53 
104 159 239 141 
7 28 98 33 
14 199 63 122 
79 4 3 246 
16 74 221 70 
139 164 51 239 
110 48 27 202 
92 163 226 132 
107 195 136 31 
164 235 66 111 
134 139 247 157 
131 165 196 167 
129 81 120 222 
90 58 24 103 
93 31 91 187 
203 83 47 39 
91 61 51 76 
182 217 60 160 
251 53 208 235 
61 245 174 203 
0 208 67 49 
191 16 54 226 
105 21 221 246 
223 211 198 92 
120 79 48 85 
126 39 143 244 
174 7 11 165 
187 52 1 163 
204 5 128 127 
249 101 206 160 
210 83 225 190 
217 98 230 101 
3 57 189 121 
58 19 123 172 
222 64 231 9 
63 163 253 109 
37 50 110 9 
73 121 30 225 
217 23 165 80 
247 64 207 130 
59 57 28 248 
44 223 64 7 
203 33 164 89 
9 129 227 107 
75 150 78 13 
237 141 104 230 
189 163 107 237 
123 173 193 241 
96 145 140 18 
148 202 31 69 
181 232 130 212 
87 14 242 220 
127 114 95 205 
39 224 236 238 
190 55 114 214 
165 234 253 244 
178 128 77 8 
176 21 87 167 
221 215 194 187 
107 138 106 0 
0 4 224 137 
54 178 232 57 
28 17 250 74 
179 54 194 202 
114 70 160 25 
194 254 40 108 
130 45 163 76 
132 53 140 24 
14 142 20 127 
91 67 158 7 
23 115 68 138 
231 209 80 179 
222 36 196 133 
9 199 211 212 
228 42 101 201 
226 80 151 99 
234 79 56 241 
212 212 77 153 
240 156 142 212 
128 251 231 239 
56 89 249 140 
197 176 150 31 
68 15 72 114 
198 26 203 33 
211 136 142 30 
227 163 54 46 
230 204 26 106 
190 245 200 191 
192 37 127 111 
55 247 179 142 
224 27 141 133 
111 211 104 146 
8 119 85 70 
199 242 151 6 
58 67 40 139 
225 254 50 98 
180 200 151 108 
157 222 105 95 
250 142 115 68 
29 188 174 247 
204 94 205 170 
193 1 178 97 
42 66 246 119 
42 86 101 24 
86 131 127 198 
57 164 249 212 
209 168 58 238 
16 20 222 143 
92 124 54 136 
15 14 198 128 
248 8 198 111 
216 61 161 34 
229 148 121 186 
75 137 162 45 
166 170 34 195 
137 27 55 154 
250 18 209 34 
243 91 19 162 
227 213 215 178 
43 244 39 190 
162 61 197 138 
17 205 163 168 
183 211 108 3 
199 17 249 88 
229 95 221 184 
172 39 218 7 
43 234 105 128 
99 186 54 46 
203 190 161 116 
205 177 63 135 
70 99 87 239 
10 54 101 10 
93 162 154 136 
123 179 90 239 
17 134 188 25 
193 207 14 178 
162 85 79 186 
190 116 179 9 
146 154 35 198 
146 203 186 238 
162 30 72 212 
158 61 211 155 
211 233 17 189 
132 115 239 136 
102 68 14 156 
36 86 65 110 
220 185 16 200 
159 15 56 70 
245 16 40 219 
87 7 133 74 
179 83 167 173 
236 231 26 242 
88 202 30 88 
64 152 40 247 
98 255 95 53 
114 66 31 82 
149 186 121 221 
229 80 177 60 
241 4 190 40 
58 106 206 47 
182 39 192 48 
80 120 168 226 
102 172 78 78 
74 165 175 80 
194 91 123 26 
137 88 149 178 
203 61 151 111 
172 60 75 127 
194 156 51 99 
150 56 1 113 
39 0 32 82 
104 119 41 130 
189 51 110 211 
129 96 116 234 
131 61 113 192 
132 157 210 34 
187 104 183 50 
82 23 116 228 
230 60 18 129 
10 248 204 39 
197 130 147 71 
15 167 139 38 
88 68 140 93 
1 206 161 89 
225 203 140 219 
194 86 64 121 
226 158 101 28 
114 104 216 128 
26 137 41 182 
114 109 27 165 
138 147 40 133 
100 14 250 99 
117 5 242 160 
40 51 165 114 
90 105 90 97 
223 7 142 203 
252 135 112 97 
235 242 101 168 
90 104 133 120 
236 157 28 128 
182 86 42 192 
195 240 228 14 
145 218 48 146 
145 22 45 74 
171 188 169 135 
184 119 168 109 
7 5 228 119 
216 187 72 241 
228 255 115 124 
211 205 59 141 
196 51 40 238 
201 212 245 60 
104 104 18 104 
27 58 37 54 
209 170 132 193 
107 169 188 244 
63 63 14 18 
153 8 236 48 
53 178 128 182 
198 129 38 225 
114 204 237 68 
83 125 26 66 
248 149 165 150 
226 166 186 203 
8 86 57 196 
83 227 54 54 
35 153 122 40 
200 94 0 122 
9 39 121 91 
161 128 201 210 
188 8 136 54 
127 242 129 182 
126 133 54 209 
67 157 90 223 
206 40 85 134 
15 170 196 70 
110 185 247 238 
67 129 113 36 
94 66 107 226 
129 205 82 243 
225 11 68 122 
168 118 151 107 
118 157 82 16 
220 165 177 133 
223 194 165 60 
123 194 82 122 
29 131 144 216 
40 120 107 196 
113 40 163 253 
195 174 45 26 
92 58 175 4 
109 143 8 119 
158 131 197 133 
136 130 173 19 
58 11 55 90 
180 50 14 104 
111 28 148 156 
211 134 92 45 
191 62 174 164 
4 168 7 93 
234 59 151 10 
171 2 193 48 
243 27 158 168 
102 59 122 31 
25 40 86 150 
24 61 100 227 
223 234 142 47 
225 49 240 118 
4 42 89 10 
34 128 206 15 
138 242 7 0 
125 211 240 41 
178 138 41 44 
210 19 134 124 
252 124 144 229 
66 105 2 2 
43 145 77 197 
47 62 20 242 
62 208 177 164 
57 59 174 199 
119 132 77 156 
65 73 1 57 
87 54 242 6 
105 144 125 65 
159 174 178 123 
17 123 212 24 
79 246 220 211 
219 178 246 56 
170 86 2 40 
166 29 21 89 
47 87 246 211 
149 231 162 116 
160 195 200 108 
9 119 77 194 
254 162 200 205 
161 120 7 188 
137 62 137 15 
64 209 3 28 
196 32 219 139 
7 173 175 217 
110 15 207 217 
85 115 191 46 
137 22 182 211 
205 205 34 148 
86 126 33 146 
79 164 9 194 
86 207 226 110 
253 34 230 179 
74 211 8 1 
55 174 106 158 
50 146 229 36 
158 242 133 254 
81 85 11 239 
20 215 105 139 
38 166 73 188 
185 134 135 63 
115 77 178 36 
238 104 143 81 
57 84 149 0 
85 38 114 60 
184 3 133 104 
206 168 98 184 
115 228 82 182 
122 25 208 190 
41 191 13 131 
187 225 108 136 
220 158 7 167 
48 169 40 141 
205 201 209 60 
189 89 53 136 
125 201 60 155 
128 28 3 113 
173 104 89 92 
220 90 67 129 
93 175 122 90 
113 187 232 50 
207 230 46 172 
33 42 32 60 
132 150 71 171 
12 206 95 151 
61 137 215 241 
147 17 84 126 
251 199 46 87 
88 157 240 106 
255 154 220 246 
58 89 101 18 
201 138 180 39 
93 111 36 113 
27 96 198 130 
31 72 221 191 
246 39 99 224 
35 142 130 117 
155 37 28 92 
73 40 68 76 
139 229 194 77 
179 64 147 61 
134 47 102 77 
192 63 32 130 
143 13 89 53 
20 206 221 147 
229 200 45 29 
141 214 251 41 
10 231 177 95 
78 128 234 61 
191 54 247 148 
183 52 92 9 
5 187 81 148 
106 157 66 4 
28 193 79 121 
70 163 204 233 
134 209 193 156 
111 111 107 176 
5 179 186 150 
67 105 210 146 
152 112 138 63 
101 60 239 9 
128 82 194 177 
181 207 246 205 
64 226 51 69 
84 77 86 214 
152 232 238 147 
164 29 192 96 
136 109 68 117 
69 234 38 225 
82 187 198 4 
25 155 185 19 
119 90 70 152 
63 90 233 240 
184 19 211 204 
26 145 104 176 
21 241 192 118 
75 231 38 204 
209 58 156 178 
178 70 85 253 
107 121 58 215 
112 215 102 61 
165 119 170 127 
230 3 9 196 
128 60 60 131 
182 115 48 11 
61 17 131 251 
192 16 11 203 
93 128 79 65 
37 3 12 253 
160 81 177 238 
71 181 227 219 
8 142 250 219 
198 207 130 220 
214 127 188 32 
131 58 26 187 
139 174 198 23 
160 30 27 112 
232 227 42 89 
125 230 55 53 
238 39 58 190 
187 58 94 129 
221 196 133 96 
60 2 194 15 
55 67 222 152 
32 105 212 215 
189 108 84 254 
200 214 68 18 
112 72 58 108 
214 244 3 57 
145 33 32 251 
42 170 68 6 
160 127 215 4 
229 35 117 113 
96 44 112 31 
105 198 74 179 
208 48 60 38 
86 61 178 69 
50 213 204 49 
141 113 222 224 
7 163 241 155 
48 140 64 126 
15 99 188 251 
159 245 137 87 
77 31 127 42 
123 86 169 228 
0 32 201 67 
166 152 210 222 
170 238 109 157 
64 228 117 62 
12 82 122 210 
170 163 66 62 
39 86 67 187 
134 126 42 86 
60 66 88 112 
180 94 95 63 
203 160 138 75 
85 107 82 242 
151 56 234 228 
202 16 180 168 
159 19 201 22 
181 245 116 219 
37 123 184 248 
247 2 198 67 
169 249 136 228 
175 98 25 217 
238 85 74 114 
64 125 31 214 
243 152 79 124 
74 251 200 179 
251 12 41 27 
175 199 70 42 
133 58 167 168 
143 8 9 51 
83 233 220 187 
75 40 195 7 
101 37 23 46 
132 209 100 31 
254 52 235 26 
28 234 31 52 
157 161 40 215 
51 157 98 64 
5 53 223 255 
43 84 225 123 
53 248 96 107 
164 182 138 94 
111 52 62 52 
127 173 145 162 
51 112 74 178 
222 98 101 65 
68 120 147 127 
32 62 183 114 
161 83 107 116 
233 234 121 176 
140 74 99 169 
23 79 220 179 
134 231 77 120 
205 150 81 116 
80 242 56 122 
107 39 135 45 
235 117 119 135 
146 173 114 85 
152 184 153 185 
36 16 65 167 
215 68 113 105 
65 121 102 27 
106 227 15 48 
75 80 145 235 
82 158 196 230 
226 64 180 142 
208 189 33 165 
231 48 255 191 
101 201 247 197 
123 75 228 118 
209 140 87 225 
0 248 19 236 
22 14 146 208 
22 226 126 154 
117 153 57 172 
159 240 86 58 
111 181 29 205 
186 76 11 195 
197 44 80 205 
202 96 79 112 
120 6 33 133 
112 211 19 185 
200 141 35 14 
140 143 135 88 
56 73 38 192 
63 189 28 68 
135 3 58 53 
234 198 132 184 
183 197 178 70 
47 83 176 44 
8 215 30 11 
238 77 208 89 
253 195 79 222 
72 221 86 56 
85 82 86 88 
159 108 243 3 
19 139 132 82 
147 163 151 50 
118 185 106 228 
5 107 115 125 
0 101 217 104 
23 236 249 224 
113 87 227 118 
41 145 218 145 
204 153 215 233 
220 2 6 10 
80 115 72 216 
18 39 175 5 
128 110 5 156 
235 43 70 122 
27 84 33 208 
200 117 123 162 
34 45 236 75 
75 176 64 247 
216 67 247 39 
84 195 197 48 
189 31 18 188 
4 217 124 72 
145 136 80 165 
189 89 21 119 
86 137 1 184 
31 237 130 54 
77 107 183 17 
11 126 243 62 
247 182 65 7 
163 54 219 137 
21 52 177 52 
71 124 232 79 
167 237 88 113 
152 250 14 9 
240 42 200 215 
120 153 123 112 
111 117 208 190 
7 130 163 125 
230 150 131 192 
166 30 53 106 
85 151 49 181 
247 22 34 175 
255 192 106 184 
217 83 157 5 
100 155 1 32 
112 253 20 101 
68 240 6 134 
26 127 59 8 
161 201 202 197 
122 129 1 104 
188 110 222 244 
112 235 151 61 
22 104 19 108 
30 232 111 128 
111 129 123 200 
228 224 58 106 
202 194 101 223 
99 123 232 116 
102 115 99 203 
125 164 171 88 
197 29 71 229 
82 130 243 14 
168 138 32 197 
67 127 114 207 
16 194 65 69 
241 69 25 20 
61 15 58 126 
62 187 24 151 
178 249 219 200 
74 11 224 79 
46 73 55 189 
119 159 36 119 
179 10 158 54 
101 30 211 135 
130 130 161 76 
245 114 30 56 
28 60 17 87 
72 196 119 132 
65 0 255 241 
192 125 142 162 
244 216 189 242 
253 70 86 13 
116 13 218 117 
225 8 253 125 
67 38 40 209 
140 236 247 236 
34 239 185 159 
95 90 243 145 
17 110 220 186 
251 253 226 231 
83 238 36 57 
66 189 246 166 
103 248 97 118 
84 195 160 199 
15 84 163 9 
147 119 144 131 
76 11 61 205 
159 132 184 83 
95 103 191 217 
89 209 72 241 
201 241 250 134 
226 137 178 85 
74 113 255 111 
156 19 166 184 
229 240 31 107 
39 26 23 147 
217 184 236 147 
100 133 51 160 
168 81 53 66 
117 126 109 215 
19 133 12 15 
186 111 118 113 
26 92 195 212 
213 255 63 231 
0 31 234 170 
165 24 248 242 
68 88 81 233 
77 227 18 139 
168 208 11 43 
46 201 63 236 
45 143 104 73 
232 115 112 141 
20 222 249 91 
92 202 213 39 
221 71 143 187 
171 247 224 180 
75 146 59 2 
55 99 66 107 
93 201 78 8 
160 183 235 199 
85 52 89 232 
199 220 12 128 
180 93 45 248 
206 250 23 143 
59 12 219 212 
21 124 189 45 
234 74 181 83 
61 10 239 212 
4 97 74 143 
40 140 220 59 
8 218 109 225 
246 45 248 93 
184 125 46 226 
8 84 242 115 
21 83 221 106 
0 172 188 244 
96 166 13 146 
190 28 134 154 
25 254 142 181 
99 207 194 95 
2 37 113 106 
81 44 32 123 
29 35 7 139 
40 221 146 103 
169 66 225 49 
201 203 73 221 
39 10 208 180 
86 32 181 212 
90 68 230 174 
47 67 135 135 
66 250 114 248 
245 222 178 110 
31 117 7 170 
138 218 101 66 
115 61 116 31 
14 96 17 253 
255 27 204 237 
226 217 104 214 
196 25 94 240 
167 238 91 72 
3 127 189 63 
63 136 26 11 
60 215 185 52 
203 207 23 24 
49 233 99 104 
170 46 2 169 
227 190 12 179 
127 77 205 53 
147 160 69 47 
42 20 168 119 
194 24 223 53 
205 174 5 103 
49 238 235 94 
200 131 149 62 
224 43 187 130 
188 59 72 118 
17 25 222 187 
139 193 80 198 
70 65 38 97 
84 60 29 41 
61 106 165 15 
123 22 97 215 
250 160 170 156 
158 249 13 73 
189 41 200 33 
160 204 81 57 
6 144 207 249 
161 185 159 158 
151 158 208 187 
3 42 167 179 
113 91 28 65 
102 198 91 240 
213 17 68 163 
171 119 235 15 
68 72 25 59 
243 102 201 7 
127 201 172 162 
160 252 166 19 
134 158 78 177 
82 226 114 171 
155 15 145 128 
235 1 95 136 
63 166 68 105 
139 130 221 163 
51 43 121 5 
147 205 158 53 
120 168 130 45 
164 141 146 184 
78 101 239 249 
160 170 235 228 
56 235 144 195 
167 77 26 178 
245 4 120 35 
27 222 207 91 
135 185 247 243 
155 8 252 89 
47 82 158 76 
11 178 209 99 
109 88 62 135 
137 7 192 116 
4 149 232 60 
120 110 122 196 
243 17 237 69 
120 146 239 205 
124 22 222 187 
106 90 80 70 
32 44 141 247 
112 240 16 42 
160 29 9 145 
234 190 221 177 
253 241 165 99 
122 107 171 84 
119 242 240 133 
255 225 169 204 
144 168 189 82 
156 73 72 19 
9 220 28 97 
178 12 58 96 
227 152 93 139 
224 211 112 46 
95 36 19 235 
10 135 26 53 
254 10 14 216 
78 81 170 111 
128 19 95 236 
15 154 209 19 
231 70 87 255 
237 11 127 156 
116 239 135 43 
201 141 229 194 
168 148 193 201 
197 72 118 126 
68 0 20 114 
65 167 224 9 
73 60 211 254 
222 82 23 221 
247 144 141 135 
126 49 74 178 
208 133 21 102 
65 111 234 129 
149 229 122 51 
136 115 169 131 
71 185 15 200 
245 232 120 49 
39 72 100 62 
104 181 135 69 
181 30 74 238 
2 5 72 183 
180 1 210 112 
37 63 107 191 
35 252 77 158 
113 13 226 217 
68 88 76 145 
199 88 222 187 
152 157 160 161 
73 74 207 96 
224 149 90 104 
87 74 103 255 
28 72 204 191 
146 2 150 19 
142 255 133 190 
219 91 142 85 
183 68 88 191 
84 126 191 188 
88 223 84 91 
94 212 219 131 
114 218 204 107 
152 6 211 33 
70 125 80 7 
229 253 215 81 
84 82 177 137 
101 225 89 12 
95 33 255 138 
122 29 9 137 
102 244 141 226 
196 89 217 67 
171 19 235 171 
36 125 249 241 
175 7 235 62 
188 180 219 142 
50 154 156 51 
236 102 48 83 
55 213 80 101 
85 59 232 183 
253 0 153 235 
216 30 53 117 
6 164 70 30 
151 54 135 132 
19 139 106 152 
243 237 144 31 
37 189 84 50 
139 237 65 191 
124 132 151 5 
66 29 202 27 
155 104 3 106 
56 167 157 46 
65 51 168 249 
207 245 106 48 
112 237 217 140 
167 174 35 154 
105 223 38 59 
161 188 248 37 
172 147 96 96 
222 72 91 202 
252 209 153 148 
192 187 253 195 
88 163 32 176 
231 190 206 136 
3 82 135 204 
53 58 0 210 
124 101 160 66 
202 88 3 154 
132 168 122 171 
7 128 137 26 
30 33 104 223 
141 93 130 201 
138 27 249 249 
62 215 32 98 
72 31 0 79 
58 23 212 221 
26 245 141 125 
227 133 78 116 
1 166 241 90 
216 204 128 158 
62 124 188 0 
252 211 154 22 
82 0 193 200 
112 197 14 212 
253 250 17 74 
148 9 141 17 
65 115 251 96 
9 74 7 70 
96 181 17 35 
176 111 173 44 
217 72 36 235 
171 162 242 189 
109 246 70 83 
90 77 133 49 
31 199 198 50 
94 23 87 1 
46 4 55 161 
153 234 154 230 
29 55 104 250 
43 239 190 218 
171 41 108 214 
118 143 118 21 
218 226 147 14 
25 115 176 16 
235 171 110 186 
247 132 160 132 
94 14 206 53 
49 235 180 106 
246 211 196 21 
39 17 160 252 
178 4 161 54 
122 159 83 177 
212 233 246 175 
11 126 255 68 
221 12 148 218 
252 214 20 173 
142 53 141 80 
173 18 68 38 
231 109 48 233 
191 218 127 38 
42 254 16 191 
20 22 247 104 
217 113 252 43 
204 241 28 228 
179 142 7 197 
72 210 160 211 
186 94 129 103 
42 100 116 174 
46 43 250 42 
82 142 200 47 
146 125 69 103 
225 123 14 78 
165 30 114 182 
57 146 246 68 
105 22 210 241 
250 125 114 138 
31 175 247 48 
5 37 179 217 
72 113 176 206 
124 180 41 43 
165 37 15 98 
190 145 134 184 
54 213 101 198 
111 102 186 249 
62 202 68 18 
109 28 247 167 
60 140 123 160 
219 220 173 187 
242 228 29 9 
26 15 142 111 
97 220 122 38 
201 94 139 59 
201 188 34 15 
203 178 212 216 
173 14 232 30 
64 51 219 63 
204 154 220 236 
138 76 80 169 
40 105 79 81 
73 165 37 144 
2 197 210 103 
94 39 139 172 
219 55 54 135 
235 250 242 246 
116 135 140 73 
80 137 11 167 
205 190 38 135 
46 123 200 56 
40 38 147 90 
102 187 90 99 
6 72 166 27 
26 112 50 32 
40 235 110 98 
170 5 0 168 
143 27 62 9 
184 33 181 116 
124 30 165 41 
36 174 131 61 
111 127 118 26 
15 213 219 253 
42 7 193 118 
219 0 109 236 
174 190 215 22 
39 214 43 131 
60 238 73 19 
215 65 69 123 
85 31 232 197 
9 106 45 206 
185 26 197 198 
32 186 148 179 
107 233 49 239 
188 218 106 165 
170 212 190 88 
191 179 225 92 
248 101 59 91 
72 110 105 209 
22 100 187 145 
187 115 180 62 
5 219 141 210 
182 109 178 27 
5 18 68 56 
28 68 149 32 
152 146 176 28 
13 33 206 72 
128 38 225 23 
234 108 13 204 
188 212 42 1 
85 208 68 35 
141 231 27 244 
46 52 163 8 
118 231 133 73 
151 195 156 115 
55 158 121 152 
240 228 224 157 
208 20 72 187 
218 66 95 255 
131 147 132 203 
54 196 75 83 
209 163 252 32 
38 148 20 144 
123 14 194 84 
10 28 108 241 
129 220 40 64 
131 3 67 238 
38 87 189 253 
115 51 203 65 
233 7 84 227 
250 213 117 225 
140 181 253 140 
122 82 241 9 
16 107 9 209 
146 83 48 49 
182 114 8 202 
37 193 101 18 
255 81 205 209 
84 197 255 165 
171 212 104 127 
126 200 175 36 
188 1 43 173 
70 115 103 7 
115 36 165 115 
141 175 88 7 
81 195 168 43 
114 164 242 29 
23 169 69 109 
89 189 231 130 
197 223 206 20 
224 162 39 176 
158 173 210 55 
234 59 228 94 
33 156 36 47 
151 179 142 135 
16 118 212 151 
72 113 215 99 
108 68 50 70 
159 32 176 108 
118 77 209 86 
124 167 73 89 
174 29 129 31 
0 49 20 37 
215 122 83 60 
141 37 194 8 
240 112 152 132 
194 45 67 123 
59 69 225 16 
131 50 200 56 
57 132 255 59 
238 94 195 54 
170 246 4 156 
102 24 229 176 
145 163 63 12 
140 10 30 30 
45 212 66 166 
63 29 160 57 
0 19 223 193 
162 122 219 250 
203 40 38 247 
21 138 129 155 
143 29 103 32 
58 246 131 148 
141 58 53 87 
241 167 17 158 
69 9 96 243 
91 197 157 178 
121 82 249 141 
218 187 215 9 
43 31 81 0 
14 49 177 29 
154 184 249 99 
216 16 92 166 
71 167 194 16 
90 128 72 157 
245 179 189 159 
243 236 38 59 
163 232 59 234 
71 251 233 250 
148 141 206 10 
52 152 191 145 
71 43 69 88 
221 234 28 251 
126 140 179 108 
162 92 175 112 
57 184 103 32 
37 149 105 105 
187 249 244 141 
70 127 124 160 
131 215 42 11 
38 67 89 12 
84 28 26 52 
38 75 176 232 
45 208 21 225 
232 62 115 172 
80 60 172 43 
76 6 210 17 
61 234 176 106 
116 204 63 17 
183 162 50 56 
192 249 107 228 
189 110 131 109 
209 54 70 2 
145 151 52 36 
136 108 2 38 
180 164 23 180 
7 196 15 73 
231 97 59 182 
174 166 31 162 
43 212 243 5 
31 189 35 172 
192 72 206 184 
58 241 75 31 
41 70 159 41 
32 107 8 244 
37 150 118 240 
50 147 12 100 
182 66 164 232 
18 20 72 233 
29 145 186 40 
160 213 237 58 
218 15 137 9 
254 1 107 82 
176 131 34 38 
139 255 115 105 
158 246 214 86 
235 122 247 248 
230 178 54 179 
252 89 40 185 
9 63 20 149 
225 198 118 164 
200 103 127 150 
250 43 147 242 
36 50 202 143 
232 47 111 28 
93 233 132 153 
141 188 60 219 
246 22 128 12 
9 251 107 40 
174 130 205 130 
189 85 172 61 
135 53 190 212 
75 115 241 146 
193 120 227 26 
147 62 106 224 
223 213 13 174 
183 223 137 33 
160 20 77 41 
22 191 254 140 
7 63 244 99 
83 135 187 156 
83 158 147 119 
79 32 241 9 
6 187 252 188 
41 178 16 204 
224 94 62 203 
68 168 202 30 
228 144 171 126 
65 170 15 121 
81 155 213 238 
255 160 17 149 
169 8 140 116 
161 181 65 106 
174 159 224 169 
136 80 79 52 
94 105 36 101 
83 28 44 105 
253 176 232 194 
229 0 10 196 
11 252 253 24 
95 39 90 60 
72 23 116 1 
32 248 205 12 
182 9 158 86 
203 29 83 172 
150 28 12 48 
65 127 29 214 
105 216 143 231 
161 72 157 129 
240 6 56 21 
78 223 132 232 
43 176 89 147 
233 238 194 131 
93 31 129 122 
81 94 137 11 
5 219 131 34 
169 88 74 122 
229 173 110 37 
81 69 181 7 
253 159 149 91 
235 206 187 45 
144 249 136 222 
87 220 142 164 
30 69 23 7 
182 151 159 101 
103 75 85 111 
106 106 158 170 
109 20 146 238 
19 253 125 234 
113 235 95 159 
146 57 109 224 
244 86 142 216 
8 70 222 132 
182 32 46 53 
215 143 129 15 
186 81 145 141 
160 187 73 251 
63 51 72 250 
66 181 100 255 
199 79 37 212 
224 164 70 22 
19 108 55 182 
218 243 158 120 
36 150 209 119 
210 73 93 158 
58 19 131 48 
168 144 181 66 
216 110 30 60 
125 241 23 92 
189 112 178 50 
178 214 51 36 
235 33 146 236 
233 230 251 21 
163 203 78 130 
2 11 160 232 
102 246 183 79 
31 110 146 148 
244 107 223 233 
160 120 130 84 
80 52 21 44 
38 210 98 160 
185 153 235 47 
146 101 99 49 
177 36 50 76 
6 90 245 0 
249 157 252 28 
226 25 202 70 
145 14 152 120 
200 77 211 125 
188 191 153 120 
152 222 64 93 
249 58 207 118 
115 245 130 223 
10 71 75 10 
186 250 76 60 
240 239 93 14 
15 152 140 238 
236 124 152 155 
82 182 118 172 
127 118 204 10 
165 127 121 113 
105 167 11 243 
103 90 70 117 
173 23 164 49 
59 242 207 50 
138 16 41 218 
2 46 69 95 
130 26 107 74 
220 56 24 247 
86 255 124 24 
42 122 250 50 
6 199 171 30 
141 155 219 137 
213 188 139 116 
231 133 237 181 
66 102 235 117 
88 97 161 176 
15 142 222 184 
65 152 167 177 
61 62 180 22 
68 211 241 51 
13 191 254 170 
65 251 175 239 
255 152 141 203 
89 57 83 220 
214 149 114 19 
238 246 141 52 
145 188 254 90 
160 219 79 113 
114 89 194 186 
81 209 202 75 
250 242 143 140 
32 0 110 187 
234 82 119 105 
112 211 237 251 
66 130 201 41 
226 242 55 130 
69 202 24 230 
85 69 126 11 
114 179 51 249 
236 247 51 142 
139 7 45 250 
8 111 6 68 
145 207 86 195 
72 88 232 166 
196 82 62 109 
143 153 12 110 
167 28 184 81 
254 93 224 148 
249 243 212 7 
244 11 24 81 
189 227 227 105 
20 77 163 30 
50 50 118 144 
63 12 178 180 
217 107 95 212 
148 114 183 13 
117 87 173 207 
118 230 99 96 
6 254 178 90 
133 18 166 40 
204 169 0 141 
163 223 178 30 
73 226 102 194 
240 118 248 57 
62 113 247 146 
205 64 40 180 
172 96 3 214 
220 230 51 6 
211 248 26 166 
253 81 75 234 
54 192 15 92 
81 169 225 89 
148 131 242 145 
58 89 166 138 
239 74 20 29 
88 9 137 248 
136 93 6 26 
140 162 190 90 
224 70 153 225 
247 76 180 171 
184 205 222 11 
251 114 29 36 
16 251 39 112 
56 187 233 60 
42 26 3 42 
144 18 74 174 
135 178 69 145 
35 158 176 113 
232 141 252 64 
82 202 205 193 
78 179 123 14 
191 61 145 20 
250 110 81 20 
74 225 47 36 
108 70 81 173 
20 223 21 235 
102 5 139 112 
126 161 247 161 
233 179 80 55 
42 206 195 191 
54 153 49 26 
248 80 173 254 
206 65 255 115 
10 80 36 87 
114 115 203 219 
192 55 217 4 
34 57 230 43 
187 174 190 125 
32 220 226 123 
220 158 4 123 
237 227 142 37 
69 48 28 247 
74 26 253 194 
86 204 181 43 
56 135 126 42 
177 29 195 142 
247 117 164 120 
54 11 117 219 
10 109 62 2 
6 191 61 10 
48 55 95 100 
130 161 203 85 
107 221 87 117 
76 92 16 51 
252 166 183 79 
68 215 63 95 
99 30 80 75 
139 61 199 209 
99 12 51 1 
131 245 89 194 
251 121 177 75 
204 170 231 171 
109 175 92 66 
72 67 162 70 
58 54 3 63 
22 234 250 138 
35 216 184 218 
154 9 161 178 
41 157 205 237 
114 71 136 54 
140 206 209 144 
129 142 222 208 
206 245 151 29 
231 7 23 119 
176 219 47 45 
5 27 226 102 
51 136 234 153 
125 115 49 21 
152 69 88 122 
47 248 52 61 
96 156 76 40 
60 211 93 215 
75 85 214 60 
6 109 93 29 
91 122 72 145 
45 111 36 134 
209 83 49 62 
146 194 227 205 
46 106 99 157 
87 142 12 234 
51 135 239 71 
220 62 80 23 
225 179 39 20 
195 122 159 203 
120 56 154 30 
235 42 43 193 
122 159 27 190 
119 121 101 241 
168 176 185 140 
200 206 253 148 
3 116 199 98 
125 212 229 36 
204 53 213 89 
121 114 77 88 
131 123 180 202 
221 211 167 43 
235 16 117 77 
8 94 163 213 
3 252 105 188 
157 189 51 207 
13 137 33 47 
124 217 135 210 
138 63 110 1 
199 220 18 216 
58 231 98 201 
222 45 130 25 
32 139 76 97 
98 118 203 14 
123 116 190 225 
53 160 27 112 
205 42 138 163 
119 212 230 56 
215 118 191 64 
137 123 219 160 
154 98 176 145 
13 62 235 32 
87 54 237 174 
227 6 73 113 
142 124 71 241 
44 251 99 140 
2 252 207 243 
74 136 237 170 
178 191 214 140 
220 85 214 69 
224 16 237 214 
198 75 79 21 
12 117 229 42 
38 146 202 19 
249 185 207 32 
95 149 248 120 
167 228 252 147 
17 251 201 189 
86 64 254 153 
30 175 111 156 
136 86 164 142 
166 216 90 13 
254 237 1 9 
10 225 60 73 
185 17 100 228 
236 113 6 201 
249 8 96 56 
43 114 232 70 
65 94 197 93 
235 13 83 186 
80 217 164 238 
138 172 250 93 
40 132 78 193 
171 246 203 168 
10 168 84 242 
46 213 250 84 
118 205 135 216 
53 114 246 91 
47 188 248 13 
32 54 112 244 
52 127 248 106 
144 202 91 154 
200 94 24 7 
102 23 229 5 
106 227 42 62 
196 70 130 46 
219 214 61 168 
10 192 225 79 
30 65 164 29 
218 45 243 224 
115 108 238 183 
19 120 234 153 
90 225 238 207 
217 201 55 118 
149 104 180 254 
138 136 138 173 
37 10 145 28 
201 96 213 184 
75 17 22 67 
118 56 72 81 
136 5 20 204 
178 59 85 112 
156 176 156 79 
223 208 172 78 
137 27 255 166 
157 162 64 100 
145 141 206 234 
206 152 63 108 
51 145 219 115 
145 220 28 93 
48 240 53 219 
73 216 136 114 
139 178 46 251 
151 51 116 35 
131 33 88 236 
91 215 16 42 
155 197 131 6 
182 237 205 126 
146 103 191 227 
9 222 93 90 
106 17 95 92 
246 83 177 54 
99 12 243 137 
93 53 249 203 
0 223 76 196 
95 173 167 18 
1 86 123 166 
94 36 108 69 
102 119 209 8 
250 67 56 220 
113 142 223 2 
20 243 60 144 
163 33 119 238 
206 92 234 90 
188 251 168 100 
136 233 243 115 
191 37 196 63 
227 66 72 85 
235 231 93 150 
193 79 24 183 
195 202 66 194 
66 59 215 148 
6 152 134 94 
199 109 52 36 
182 90 121 65 
242 144 33 225 
19 87 172 133 
163 139 206 130 
160 27 240 130 
251 137 173 2 
28 108 86 211 
92 241 110 153 
137 86 47 79 
102 109 3 192 
40 31 12 15 
250 231 157 49 
122 82 190 110 
58 134 172 227 
64 184 86 3 
134 180 225 17 
122 89 38 167 
127 26 47 51 
107 126 189 117 
7 161 197 2 
146 177 238 196 
62 114 20 120 
177 186 200 46 
133 246 206 204 
201 163 158 139 
126 214 228 121 
26 181 0 246 
9 251 134 55 
39 119 190 198 
71 141 38 255 
175 180 235 148 
153 247 116 11 
180 117 215 59 
161 225 98 210 
119 2 19 210 
64 52 32 15 
121 229 112 179 
149 24 32 186 
122 230 0 118 
3 248 19 12 
125 14 18 245 
42 123 233 127 
193 167 56 73 
236 140 212 202 
200 57 68 203 
105 82 68 232 
83 142 69 19 
2 56 235 17 
99 174 142 251 
88 229 186 190 
57 227 175 156 
77 67 225 169 
85 181 120 78 
2 123 210 201 
121 238 252 171 
214 247 61 89 
166 150 139 140 
108 94 20 209 
29 246 182 10 
164 154 135 234 
95 152 78 125 
160 212 8 158 
44 69 100 127 
191 117 72 37 
135 4 74 232 
165 38 55 247 
175 33 143 211 
48 208 6 207 
38 34 5 151 
131 156 40 166 
173 211 190 206 
254 243 76 179 
69 58 9 80 
66 125 99 113 
46 162 121 55 
49 37 159 152 
234 148 222 220 
235 19 113 33 
59 216 73 216 
210 175 137 69 
32 120 10 3 
134 164 217 126 
218 188 180 119 
232 217 145 131 
236 45 23 140 
25 121 35 79 
22 149 68 221 
123 235 64 26 
88 252 141 65 
174 218 216 94 
244 172 129 210 
148 45 28 210 
107 45 242 232 
76 14 127 113 
126 73 242 29 
57 231 175 115 
45 8 208 74 
252 95 160 81 
187 179 31 136 
117 96 129 196 
167 212 174 47 
197 19 195 198 
179 52 144 217 
77 225 24 142 
224 219 21 95 
175 115 113 151 
111 18 206 217 
203 178 254 153 
224 99 140 161 
194 199 49 142 
246 150 96 80 
246 27 187 173 
176 181 155 190 
7 87 140 113 
80 8 206 6 
214 100 213 146 
87 25 202 127 
133 106 9 9 
134 176 161 194 
116 212 214 15 
221 214 162 169 
68 74 48 30 
159 213 96 78 
215 180 70 238 
75 54 170 7 
77 61 137 120 
163 193 147 112 
7 76 171 245 
168 127 106 96 
167 140 157 222 
155 186 194 241 
13 228 143 237 
252 250 107 123 
90 127 243 25 
142 9 118 152 
240 196 121 157 
80 239 52 33 
111 93 19 242 
132 246 54 47 
184 52 242 207 
171 166 78 26 
237 112 134 46 
133 200 139 124 
110 123 129 73 
21 102 63 46 
220 254 211 152 
154 201 252 73 
25 226 174 212 
150 121 145 37 
69 80 130 247 
202 63 17 92 
193 177 1 56 
55 37 203 198 
47 174 28 18 
30 115 82 125 
110 48 3 61 
255 179 118 218 
162 95 40 178 
156 173 72 118 
41 166 59 171 
247 107 25 41 
166 173 46 159 
78 53 122 14 
249 93 49 73 
37 148 60 123 
68 222 182 161 
60 82 112 12 
231 155 110 224 
147 119 104 152 
131 59 73 128 
109 77 179 57 
250 169 121 56 
73 93 35 72 
108 12 110 3 
233 110 202 93 
58 207 218 25 
77 140 248 82 
5 153 174 244 
184 253 61 64 
175 84 26 75 
169 77 108 127 
88 41 144 25 
227 66 149 169 
98 130 192 149 
101 231 9 151 
109 6 156 58 
112 133 89 97 
90 159 84 193 
135 164 86 98 
74 118 90 33 
106 13 17 49 
159 244 95 149 
25 202 219 167 
249 194 83 149 
214 35 70 223 
58 201 104 218 
34 162 33 48 
130 50 14 93 
190 15 126 51 
50 102 247 87 
171 116 175 195 
235 13 19 66 
41 25 68 247 
143 18 148 214 
187 136 13 41 
62 157 235 12 
32 137 29 241 
90 22 200 29 
90 37 196 42 
131 40 29 131 
170 166 147 234 
154 186 26 246 
144 148 91 141 
192 247 49 110 
207 185 45 171 
87 70 19 39 
102 30 90 28 
255 82 176 151 
151 10 116 249 
153 2 57 120 
227 9 74 157 
71 128 33 196 
11 225 238 159 
105 54 23 179 
16 157 178 217 
161 203 12 190 
50 134 37 99 
206 41 50 158 
243 36 26 152 
19 121 249 77 
21 64 161 15 
209 36 20 3 
151 228 10 161 
168 211 113 56 
186 89 232 105 
121 111 68 168 
1 38 11 190 
101 33 251 73 
43 23 132 58 
206 82 74 85 
59 50 164 181 
84 171 32 70 
112 195 253 73 
216 21 175 212 
76 80 94 79 
124 184 103 248 
143 164 217 96 
160 255 250 236 
60 200 192 84 
229 146 88 39 
146 4 162 69 
45 89 179 100 
19 225 82 140 
152 127 123 155 
128 41 223 193 
135 107 98 5 
218 229 156 191 
156 200 89 27 
98 92 25 156 
183 125 144 151 
153 26 39 180 
249 181 121 113 
63 229 215 158 
196 215 196 226 
86 201 122 52 
184 141 99 99 
31 12 161 143 
182 193 135 173 
27 57 29 7 
224 154 160 186 
11 25 255 54 
150 130 96 194 
239 180 153 245 
121 34 183 61 
9 83 122 92 
107 99 215 231 
219 128 117 198 
140 110 48 182 
36 4 153 201 
61 172 116 229 
229 230 57 65 
31 198 148 235 
97 114 229 69 
20 165 192 131 
24 46 110 47 
61 113 106 166 
202 229 229 152 
249 149 66 139 
121 160 155 88 
235 185 58 173 
102 167 33 137 
243 198 130 195 
18 132 72 132 
51 228 141 200 
61 255 33 226 
11 126 9 245 
234 33 253 123 
28 59 233 193 
88 52 110 105 
72 6 94 231 
9 192 67 4 
174 6 217 95 
190 143 143 231 
178 166 10 98 
120 169 161 233 
242 141 226 105 
119 88 12 35 
81 165 147 45 
62 36 160 240 
239 23 142 168 
140 215 110 231 
46 77 131 18 
99 121 198 226 
174 238 100 228 
4 83 59 249 
80 228 97 215 
240 239 158 134 
53 88 236 228 
231 22 254 34 
191 179 182 69 
236 207 173 166 
142 158 175 114 
62 102 60 42 
132 2 9 36 
95 97 125 8 
193 8 52 84 
16 140 127 217 
166 25 226 60 
81 237 149 117 
212 221 3 83 
101 208 78 247 
45 63 201 84 
203 187 125 181 
209 103 165 55 
69 121 50 75 
34 189 71 54 
212 19 190 144 
191 236 161 200 
185 209 178 158 
140 219 227 168 
117 60 223 206 
167 181 127 206 
200 30 86 184 
115 225 38 115 
181 127 104 54 
144 10 200 16 
123 169 166 97 
223 23 151 95 
156 36 225 146 
130 50 3 87 
217 186 43 97 
217 197 190 51 
50 115 211 168 
134 119 184 107 
234 152 108 127 
104 50 35 185 
128 179 198 64 
162 31 112 20 
182 141 241 132 
149 167 79 183 
141 46 64 36 
224 115 177 26 
70 223 67 57 
103 108 201 246 
97 42 203 27 
72 187 6 68 
161 215 233 99 
230 201 25 62 
5 240 238 236 
225 63 244 91 
207 189 107 205 
26 6 200 86 
128 200 50 96 
179 70 5 40 
217 217 82 62 
12 106 93 8 
218 249 29 63 
198 26 192 112 
198 114 37 125 
195 62 96 26 
28 205 57 81 
35 1 173 254 
158 210 108 83 
71 202 89 85 
77 138 14 93 
209 68 85 153 
105 63 176 136 
161 86 209 129 
117 121 34 45 
216 43 63 8 
48 2 119 228 
216 42 80 102 
156 226 0 135 
65 253 243 20 
251 99 76 47 
244 142 92 203 
203 13 45 52 
19 4 250 133 
208 169 180 48 
254 201 127 122 
10 65 50 252 
86 134 219 35 
185 30 57 176 
253 36 64 57 
95 200 152 166 
18 204 30 181 
189 8 98 119 
249 231 39 209 
212 232 231 252 
80 30 76 5 
228 176 183 77 
250 90 189 10 
112 234 165 196 
24 195 236 217 
55 94 193 250 
9 196 137 171 
59 22 92 199 
112 5 134 250 
189 90 7 69 
45 111 20 126 
62 179 147 205 
98 42 163 48 
127 235 18 247 
111 161 228 73 
128 11 211 158 
245 123 202 66 
131 90 104 216 
213 163 131 213 
9 100 163 1 
49 64 131 250 
211 240 147 176 
106 189 121 234 
226 7 139 191 
31 193 86 30 
119 242 27 71 
51 54 76 79 
18 60 19 160 
198 69 204 119 
117 171 134 101 
58 88 134 206 
161 74 196 108 
47 22 108 205 
215 98 94 209 
134 105 174 45 
152 123 37 235 
96 122 190 232 
165 94 42 84 
31 178 77 53 
254 21 191 229 
99 186 75 143 
229 232 115 182 
14 123 234 174 
219 97 24 33 
64 30 154 140 
161 72 192 191 
90 12 13 96 
56 167 186 104 
253 237 52 165 
224 198 153 54 
11 172 63 19 
28 47 45 130 
164 113 159 163 
171 170 134 229 
42 164 6 142 
143 64 247 55 
60 240 101 77 
9 59 16 146 
189 61 237 154 
153 35 162 79 
206 179 13 109 
2 194 190 6 
207 188 121 255 
67 33 182 145 
97 2 32 201 
158 135 25 9 
101 108 52 133 
148 128 185 198 
253 37 37 43 
230 210 168 99 
137 148 165 243 
149 136 53 182 
170 99 164 89 
225 235 243 219 
66 123 84 19 
76 131 177 41 
113 5 38 27 
151 25 130 58 
153 106 202 171 
195 183 182 231 
89 83 50 59 
17 166 222 72 
148 169 142 132 
2 109 203 183 
107 149 80 127 
86 216 142 205 
62 128 40 102 
15 237 120 99 
174 19 8 177 
110 248 26 145 
156 55 33 25 
244 127 69 177 
42 21 227 151 
98 77 11 91 
184 21 0 100 
185 107 187 106 
231 226 104 250 
57 33 231 245 
153 99 77 16 
100 248 97 86 
238 195 32 161 
251 186 57 37 
71 106 145 229 
255 112 191 60 
70 0 145 86 
177 97 134 180 
203 111 82 171 
145 25 94 229 
247 225 69 223 
98 94 88 106 
44 189 27 42 
35 60 197 26 
10 173 196 5 
22 249 54 14 
114 155 113 42 
188 32 124 161 
134 174 148 144 
213 122 169 106 
165 80 222 114 
100 15 12 66 
115 42 63 72 
168 40 56 68 
206 37 233 203 
35 79 252 199 
217 106 77 245 
150 77 107 101 
245 98 27 253 
2 41 212 246 
193 182 68 94 
168 47 202 149 
32 79 250 208 
8 229 29 153 
50 86 174 76 
229 22 222 155 
89 51 16 12 
62 203 94 118 
53 145 18 135 
85 76 46 65 
167 88 229 120 
170 35 31 86 
209 176 249 215 
0 24 66 77 
19 4 255 221 
86 52 233 0 
14 251 234 4 
239 193 163 136 
163 128 232 3 
74 71 66 62 
244 186 109 213 
41 144 216 186 
97 20 40 178 
141 164 181 214 
140 53 10 19 
182 205 105 171 
85 7 69 178 
38 147 199 145 
221 180 74 134 
159 192 223 34 
134 163 201 202 
32 92 2 55 
239 126 180 246 
235 176 193 233 
252 46 60 196 
128 70 237 144 
203 220 209 43 
162 231 151 198 
191 241 36 102 
80 154 16 99 
120 22 39 236 
205 171 234 130 
216 52 11 121 
152 161 244 122 
254 116 64 3 
114 69 64 229 
78 63 120 196 
94 160 32 155 
102 61 164 54 
156 253 36 182 
41 89 244 17 
172 226 28 143 
183 187 217 78 
80 26 27 191 
113 203 6 38 
137 174 113 30 
249 52 105 19 
152 230 175 198 
47 222 54 204 
254 75 166 15 
53 241 220 76 
123 167 103 148 
107 215 12 203 
17 2 67 44 
114 58 184 195 
2 166 203 241 
43 1 17 235 
204 27 209 59 
184 87 135 62 
51 43 100 164 
121 163 204 244 
55 222 215 5 
15 143 208 134 
24 125 185 119 
92 4 197 173 
89 146 221 82 
128 43 28 99 
185 230 83 48 
221 109 133 223 
58 129 107 234 
18 115 242 156 
28 172 184 152 
2 38 147 82 
226 241 10 148 
206 175 218 251 
75 24 114 119 
213 119 119 206 
90 43 65 26 
186 39 92 70 
78 114 9 149 
94 168 186 27 
169 119 153 66 
225 35 1 70 
43 2 3 185 
164 0 227 0 
215 28 153 213 
72 234 80 195 
236 15 234 173 
175 200 122 71 
237 100 201 154 
249 197 210 133 
153 227 69 55 
135 73 8 182 
242 149 177 91 
251 252 13 83 
56 196 157 32 
53 200 20 22 
238 248 218 222 
86 215 139 246 
211 251 121 47 
192 144 38 46 
233 213 203 236 
18 157 212 55 
113 208 97 46 
48 232 198 200 
236 116 12 77 
56 152 110 220 
27 138 221 227 
141 23 125 170 
254 28 38 201 
208 14 227 173 
216 115 118 24 
224 102 210 157 
40 23 160 40 
224 72 187 116 
176 209 179 147 
49 29 78 105 
113 171 2 49 
114 142 124 247 
171 237 29 29 
134 132 119 214 
225 33 213 173 
141 40 176 255 
210 15 58 125 
233 226 216 172 
128 193 159 101 
58 93 222 84 
44 127 149 125 
97 129 246 178 
87 210 235 30 
128 118 143 190 
193 132 179 227 
246 167 91 177 
109 158 62 163 
103 187 74 5 
154 103 30 120 
177 157 142 114 
202 107 34 187 
247 116 151 240 
190 113 93 4 
153 171 23 186 
119 130 30 45 
57 233 254 73 
53 231 248 79 
183 24 127 84 
123 43 187 194 
52 98 8 214 
8 20 119 32 
17 46 76 7 
222 173 127 66 
240 38 60 96 
62 63 99 64 
178 51 9 154 
169 82 244 117 
118 126 35 174 
223 175 68 120 
159 112 59 214 
227 96 162 34 
205 178 67 138 
244 173 160 142 
225 45 108 131 
148 32 16 19 
253 10 39 186 
132 129 1 74 
129 178 35 105 
196 218 198 14 
15 205 84 7 
151 115 238 118 
135 70 233 79 
124 214 76 220 
10 69 84 57 
53 203 240 216 
249 50 69 254 
195 91 43 69 
246 184 173 24 
103 208 142 58 
225 191 191 63 
162 178 234 16 
220 111 234 107 
52 203 80 98 
70 50 223 216 
32 36 17 7 
195 178 144 252 
165 4 190 24 
49 214 46 145 
69 247 40 240 
179 201 41 145 
193 195 97 38 
169 242 51 52 
25 115 184 148 
180 251 61 243 
144 80 192 83 
182 205 118 135 
165 226 72 187 
207 145 82 234 
26 242 99 102 
96 176 128 84 
240 138 97 44 
11 211 242 62 
104 243 211 40 
176 227 216 97 
2 181 138 177 
113 9 164 182 
129 153 151 97 
173 174 6 118 
228 169 75 16 
7 123 241 27 
109 45 55 216 
96 89 147 93 
157 174 44 18 
215 113 95 53 
53 246 60 87 
207 43 6 221 
53 14 182 127 
233 50 120 204 
224 62 45 164 
4 109 231 189 
181 15 112 31 
67 7 196 168 
118 75 146 136 
7 104 191 198 
36 251 227 186 
239 56 202 144 
0 103 244 203 
222 97 21 192 
138 24 149 23 
245 13 18 78 
132 216 217 53 
147 163 113 115 
240 175 16 255 
91 205 36 168 
13 230 204 142 
46 117 91 166 
93 7 220 58 
43 194 137 103 
160 219 82 157 
181 30 92 35 
217 106 127 144 
109 50 200 83 
71 253 245 43 
50 231 251 176 
108 30 131 201 
39 102 105 51 
9 150 60 0 
172 24 193 22 
31 108 112 172 
99 166 244 208 
239 236 175 228 
44 249 53 28 
249 156 204 2 
40 58 242 243 
255 71 215 159 
185 209 223 140 
2 246 33 147 
127 105 235 98 
67 241 59 248 
91 234 71 45 
67 194 246 39 
110 124 101 230 
195 49 100 185 
26 138 246 198 
195 71 212 134 
0 187 234 70 
134 78 216 168 
255 250 115 32 
139 206 66 119 
58 110 1 76 
148 145 33 142 
17 130 70 3 
161 159 200 196 
38 221 51 190 
245 66 199 50 
89 105 248 54 
15 2 238 51 
203 80 6 101 
178 169 80 94 
221 249 16 131 
221 63 61 141 
49 14 4 9 
209 13 70 216 
167 120 22 176 
17 157 60 153 
97 96 181 114 
93 184 48 105 
191 47 146 134 
181 101 116 33 
98 142 160 103 
91 240 151 217 
43 102 13 205 
208 224 107 235 
60 224 77 177 
213 254 2 240 
245 101 15 77 
107 83 171 193 
248 157 68 24 
210 42 249 118 
37 115 30 205 
141 9 188 105 
157 15 14 100 
91 187 4 50 
193 217 196 23 
62 73 36 171 
51 124 50 93 
119 251 172 237 
211 224 136 241 
134 90 109 81 
195 45 56 203 
46 48 120 111 
98 205 242 36 
110 133 30 33 
83 106 169 117 
136 163 241 128 
119 235 139 120 
253 18 192 229 
238 123 11 36 
142 156 157 232 
25 129 218 180 
60 73 218 99 
153 167 233 160 
71 98 6 110 
80 214 104 162 
49 113 244 100 
94 55 200 177 
188 63 180 220 
36 51 187 8 
230 212 151 175 
68 115 50 31 
243 121 46 248 
158 224 93 175 
99 184 73 14 
83 163 174 177 
246 89 252 139 
197 37 214 95 
174 102 149 71 
148 15 197 48 
205 39 166 92 
162 74 172 223 
209 38 0 35 
14 255 253 101 
126 43 180 53 
59 150 105 249 
212 64 20 106 
202 186 225 21 
19 173 175 220 
154 82 148 115 
189 251 88 228 
206 137 246 11 
147 244 31 26 
199 199 182 22 
150 160 84 88 
36 180 198 14 
7 73 138 183 
200 58 86 170 
103 119 145 144 
212 131 216 229 
118 244 122 123 
167 246 252 247 
54 200 150 82 
228 61 180 89 
232 61 118 46 
108 66 49 196 
13 219 235 103 
94 44 227 50 
102 107 7 151 
29 101 123 219 
243 247 25 151 
73 150 236 56 
246 200 179 127 
196 168 101 2 
241 102 167 169 
174 196 87 50 
163 154 5 174 
104 83 116 2 
13 110 29 103 
148 254 173 234 
114 42 130 236 
18 174 50 163 
81 88 4 151 
3 140 116 38 
109 192 180 1 
201 0 38 172 
197 108 227 2 
4 181 55 175 
155 164 34 180 
149 147 216 231 
112 241 66 112 
157 194 123 77 
4 29 84 206 
126 173 209 26 
90 49 169 169 
216 251 202 199 
177 116 211 24 
141 151 152 14 
139 114 161 116 
189 168 171 231 
169 242 38 87 
201 153 181 139 
12 253 177 154 
83 17 167 115 
244 220 213 86 
59 250 177 89 
228 26 98 228 
162 126 69 52 
155 125 105 220 
233 4 19 63 
27 16 59 23 
178 54 13 242 
165 28 105 176 
221 253 99 6 
186 41 196 254 
140 130 135 117 
26 0 93 155 
31 46 42 118 
199 171 133 96 
55 170 60 132 
3 114 205 101 
181 223 238 87 
77 223 7 4 
187 246 179 233 
103 186 66 214 
169 88 58 113 
81 13 209 179 
33 173 116 106 
78 32 68 181 
3 224 147 140 
221 125 107 53 
112 25 8 208 
192 236 89 204 
201 192 131 111 
248 118 94 82 
176 128 246 226 
198 101 11 225 
5 65 145 227 
171 66 49 210 
233 43 198 106 
103 212 225 189 
190 169 70 176 
253 39 108 124 
36 98 1 46 
172 129 99 40 
253 64 40 158 
246 110 152 25 
105 109 46 248 
155 180 26 234 
201 80 193 116 
158 94 60 113 
190 147 213 142 
63 181 141 202 
42 31 153 252 
254 65 224 76 
45 29 126 184 
157 203 69 145 
40 246 54 252 
29 93 12 114 
189 83 178 64 
191 64 200 7 
204 29 34 61 
3 252 73 171 
118 125 248 237 
172 90 160 244 
29 220 229 135 
185 100 30 190 
97 227 217 134 
108 98 84 32 
35 123 5 162 
70 221 20 116 
133 205 220 212 
8 159 109 83 
231 65 12 85 
178 177 178 149 
235 130 137 159 
135 91 114 84 
112 120 130 105 
6 38 128 233 
153 75 104 174 
241 220 235 236 
199 102 237 167 
73 134 6 55 
153 112 2 203 
78 108 97 227 
242 83 215 212 
131 23 205 73 
243 57 222 188 
167 81 91 1 
251 137 199 187 
188 34 92 229 
173 237 132 74 
3 211 97 13 
233 79 70 35 
253 238 59 212 
209 214 125 61 
107 60 251 209 
197 236 219 211 
77 197 243 221 
102 58 80 93 
230 210 178 19 
150 169 14 148 
181 237 11 202 
117 98 133 114 
124 223 13 156 
100 206 103 46 
60 175 11 98 
5 150 165 67 
53 169 149 52 
56 163 111 105 
234 83 123 108 
30 30 55 153 
26 121 208 162 
25 111 173 13 
199 33 228 177 
200 65 195 60 
50 150 72 176 
15 124 169 225 
220 97 206 249 
12 72 209 244 
134 74 133 36 
34 16 236 174 
48 90 191 11 
241 123 234 137 
28 219 13 199 
91 116 253 60 
203 85 65 177 
128 34 149 194 
254 146 106 97 
193 240 100 83 
182 154 219 177 
192 133 91 104 
52 183 36 186 
92 203 170 187 
248 113 22 212 
185 236 195 67 
196 146 193 153 
53 79 86 59 
153 34 120 226 
115 158 85 27 
184 106 203 200 
83 194 240 157 
162 244 139 163 
247 228 153 184 
23 137 202 13 
191 109 1 167 
26 49 215 223 
76 6 24 226 
234 53 68 49 
127 152 16 34 
9 31 227 93 
122 76 89 96 
56 183 195 252 
157 139 165 213 
120 6 55 230 
138 253 228 251 
9 87 206 53 
32 141 72 138 
109 48 91 66 
131 99 66 123 
102 92 238 166 
17 231 130 7 
243 228 216 57 
109 196 250 168 
85 16 169 21 
119 226 218 21 
15 105 52 146 
80 105 148 73 
225 185 138 75 
90 196 217 124 
203 8 250 23 
53 154 153 40 
15 160 22 16 
195 213 5 4 
46 9 175 142 
35 159 144 11 
233 13 215 43 
184 95 233 117 
64 180 221 192 
35 191 1 187 
118 71 84 102 
68 168 10 150 
10 80 11 117 
60 67 116 0 
190 152 21 135 
108 249 242 48 
147 39 194 117 
118 115 114 161 
202 70 163 87 
58 154 40 11 
228 127 137 135 
217 151 130 104 
161 154 133 158 
181 211 52 239 
3 161 232 117 
110 247 45 27 
75 220 67 36 
229 236 159 164 
250 213 103 5 
60 219 250 131 
209 84 102 176 
211 44 239 241 
209 99 143 0 
75 138 113 104 
58 74 117 12 
134 221 175 160 
142 146 231 45 
164 77 26 146 
142 5 248 254 
6 69 100 119 
59 171 248 86 
78 108 126 200 
214 206 119 79 
92 172 152 63 
223 246 72 65 
81 47 36 212 
25 237 123 199 
143 92 210 191 
131 187 97 183 
182 221 148 124 
95 170 139 45 
167 156 155 193 
46 66 203 128 
132 192 87 137 
176 76 48 75 
173 179 122 11 
232 210 12 100 
195 30 244 194 
21 29 241 231 
168 234 247 103 
185 181 174 43 
124 64 243 241 
149 99 86 202 
160 137 154 155 
170 49 57 156 
182 110 221 220 
57 103 231 188 
158 216 236 111 
194 143 51 129 
121 240 57 76 
8 113 45 132 
168 30 116 173 
10 23 38 160 
205 13 143 9 
10 201 175 236 
201 165 186 27 
136 16 153 193 
187 14 104 219 
71 182 245 186 
6 179 71 131 
70 196 21 174 
74 59 74 138 
200 129 136 183 
105 145 162 171 
76 121 33 46 
131 220 192 221 
148 115 239 171 
249 135 83 91 
160 120 69 8 
108 57 79 158 
179 210 178 94 
190 220 227 93 
76 9 9 5 
16 154 129 147 
46 230 90 151 
193 218 217 120 
88 115 246 237 
116 70 221 133 
12 249 110 32 
9 199 189 115 
202 0 147 136 
162 134 235 59 
85 81 118 191 
158 236 24 23 
172 246 104 157 
161 162 52 127 
17 55 251 61 
137 145 113 44 
5 158 254 246 
121 226 63 23 
73 243 132 97 
209 254 80 122 
222 64 220 89 
51 141 148 204 
5 205 153 245 
126 122 61 200 
62 36 139 143 
213 237 188 102 
75 13 194 191 
153 78 193 223 
45 145 145 96 
106 72 62 173 
37 250 136 137 
41 195 99 136 
180 209 120 147 
247 231 162 105 
154 221 114 25 
54 31 172 137 
217 42 199 242 
134 18 113 97 
178 254 9 55 
201 170 35 170 
166 229 7 67 
30 17 50 94 
118 165 211 173 
232 174 80 181 
35 73 191 79 
200 43 109 40 
237 26 90 66 
158 113 187 112 
87 160 119 222 
139 169 171 135 
32 164 38 189 
240 60 237 165 
74 48 184 184 
111 211 114 67 
21 141 189 231 
232 87 109 26 
4 67 8 164 
124 241 77 35 
214 27 169 136 
141 10 195 152 
142 31 242 107 
187 75 193 240 
107 151 114 104 
231 157 120 230 
239 12 251 213 
51 41 88 114 
218 73 158 78 
255 87 19 206 
47 84 173 170 
236 210 153 113 
45 120 183 3 
220 130 28 22 
87 62 143 178 
239 143 12 181 
108 109 69 80 
134 100 27 135 
109 17 41 181 
67 168 58 5 
157 113 206 251 
6 69 153 233 
124 22 4 122 
240 101 170 43 
202 202 220 204 
99 111 30 4 
137 149 167 202 
255 13 228 237 
250 192 246 141 
165 41 48 159 
158 213 154 109 
119 234 113 20 
54 157 165 4 
213 186 89 132 
194 32 102 43 
96 66 216 104 
133 167 111 250 
250 107 32 121 
254 188 146 204 
195 94 161 176 
239 40 223 56 
28 132 13 71 
89 242 166 23 
167 134 85 182 
124 102 122 131 
67 77 169 182 
219 10 43 213 
20 2 123 64 
53 170 202 166 
120 13 123 141 
140 76 168 206 
18 25 155 23 
33 59 86 103 
194 14 12 150 
117 0 165 202 
170 20 62 3 
72 99 166 144 
42 150 226 151 
157 109 170 145 
227 59 235 203 
179 104 67 231 
183 238 135 89 
12 220 64 234 
198 214 42 57 
105 147 180 53 
113 94 131 164 
203 149 238 159 
89 45 131 19 
114 44 129 65 
96 45 92 63 
225 224 61 118 
166 136 127 34 
215 123 51 213 
141 165 156 244 
86 5 180 56 
181 46 165 46 
159 199 81 183 
255 12 202 137 
51 75 219 173 
140 104 125 255 
210 90 99 176 
190 171 111 199 
127 252 58 156 
53 126 144 92 
121 122 241 136 
211 202 18 118 
66 94 90 206 
184 184 101 14 
155 112 132 7 
69 177 59 94 
132 186 194 12 
27 93 133 222 
64 132 163 245 
28 167 115 70 
78 87 250 28 
104 183 118 145 
112 253 215 25 
97 245 64 248 
167 127 139 198 
167 12 194 242 
52 37 167 60 
27 228 45 58 
152 120 252 212 
222 165 240 200 
147 66 155 38 
82 186 191 213 
40 139 213 12 
23 202 137 218 
150 157 59 159 
14 191 128 145 
95 0 159 56 
89 195 20 241 
68 126 16 111 
88 61 247 53 
69 31 224 30 
173 215 25 213 
165 44 161 93 
55 122 172 139 
227 47 35 135 
25 79 33 78 
193 241 118 51 
180 191 40 89 
64 122 237 58 
168 115 179 36 
161 19 24 183 
214 84 242 104 
100 70 200 1 
95 139 87 30 
76 219 14 178 
165 129 146 128 
88 220 59 162 
72 223 149 6 
202 145 224 235 
41 142 145 104 
35 132 207 230 
106 183 246 162 
36 125 23 44 
107 194 118 234 
205 134 10 149 
205 90 1 187 
97 231 58 59 
114 103 201 204 
95 41 119 119 
122 17 63 24 
137 22 209 225 
70 195 19 215 
224 182 155 83 
120 36 54 131 
165 83 101 230 
240 30 218 211 
88 117 0 243 
207 219 112 194 
187 230 125 18 
119 194 169 136 
